=== Run information ===

Scheme:       weka.classifiers.bayes.NaiveBayes 
Relation:     comment-position-2
Instances:    2000
Attributes:   102
              [list of attributes omitted]
Test mode:    10-fold cross-validation

=== Classifier model (full training set) ===

Naive Bayes Classifier

                     Class
Attribute                1       2       3       4       5       6       7
                    (0.18)  (0.17)  (0.18)  (0.25)  (0.07)  (0.06)  (0.09)
===========================================================================
number_of_tokens
  mean               6.2219  6.6813  6.9836  6.4664  6.6901  6.5254   6.096
  std. dev.          1.7018  1.6043  1.6132   1.748  1.6749  1.7159  1.8186
  weight sum            365     342     365     491     142     118     177
  precision               1       1       1       1       1       1       1

w2v-own(1)
  mean              -0.2359 -0.2154 -0.2153 -0.1888 -0.2155 -0.2321 -0.2218
  std. dev.          0.0925  0.1843   0.198  0.1696  0.1828  0.1525  0.0875
  weight sum            365     342     365     491     142     118     177
  precision          0.0008  0.0008  0.0008  0.0008  0.0008  0.0008  0.0008

w2v-own(2)
  mean               0.6919  0.7744  0.7865  0.7431  0.7629  0.7401  0.6625
  std. dev.          0.1508  0.2419  0.2461  0.2415  0.2355  0.1943  0.1618
  weight sum            365     342     365     491     142     118     177
  precision          0.0009  0.0009  0.0009  0.0009  0.0009  0.0009  0.0009

w2v-own(3)
  mean               0.5326  0.5351  0.5323  0.5382  0.5487  0.5347  0.5351
  std. dev.          0.1006  0.0977  0.1065  0.0892  0.1008  0.0956  0.1004
  weight sum            365     342     365     491     142     118     177
  precision          0.0005  0.0005  0.0005  0.0005  0.0005  0.0005  0.0005

w2v-own(4)
  mean               0.2328  0.2105  0.2111  0.2104  0.2285  0.2249  0.2443
  std. dev.          0.0986  0.1383  0.1404  0.1457    0.15  0.1147  0.1316
  weight sum            365     342     365     491     142     118     177
  precision          0.0009  0.0009  0.0009  0.0009  0.0009  0.0009  0.0009

w2v-own(5)
  mean               0.2093   0.255  0.2587  0.2363  0.2469  0.2371  0.1937
  std. dev.          0.0697  0.1124  0.1162  0.1069  0.1123  0.0882  0.0692
  weight sum            365     342     365     491     142     118     177
  precision          0.0004  0.0004  0.0004  0.0004  0.0004  0.0004  0.0004

w2v-own(6)
  mean              -0.8105 -0.8151 -0.8166  -0.796 -0.8261 -0.8227 -0.7908
  std. dev.          0.1196  0.1194  0.1261  0.1216  0.1352  0.1271  0.1172
  weight sum            365     342     365     491     142     118     177
  precision          0.0005  0.0005  0.0005  0.0005  0.0005  0.0005  0.0005

w2v-own(7)
  mean               0.3525  0.3804  0.3796  0.3736  0.3761  0.3676  0.3468
  std. dev.          0.0648  0.1027  0.1064  0.0984  0.0938  0.0799  0.0648
  weight sum            365     342     365     491     142     118     177
  precision          0.0003  0.0003  0.0003  0.0003  0.0003  0.0003  0.0003

w2v-own(8)
  mean               0.4321  0.4615  0.4646  0.4466   0.458  0.4507  0.4183
  std. dev.          0.0733  0.0959  0.1003  0.0917  0.0946  0.0826  0.0749
  weight sum            365     342     365     491     142     118     177
  precision          0.0003  0.0003  0.0003  0.0003  0.0003  0.0003  0.0003

w2v-own(9)
  mean               0.2552    0.23  0.2363  0.2019  0.2403  0.2549  0.2461
  std. dev.          0.0966   0.217  0.2346  0.1999  0.2133  0.1736  0.0839
  weight sum            365     342     365     491     142     118     177
  precision          0.0009  0.0009  0.0009  0.0009  0.0009  0.0009  0.0009

w2v-own(10)
  mean              -0.0808 -0.0799 -0.0753 -0.0818 -0.0788  -0.079 -0.0845
  std. dev.          0.0404  0.0592  0.0671  0.0466  0.0585  0.0463  0.0382
  weight sum            365     342     365     491     142     118     177
  precision          0.0003  0.0003  0.0003  0.0003  0.0003  0.0003  0.0003

w2v-own(11)
  mean              -1.0494 -1.0803  -1.086 -1.0485 -1.0922 -1.0742  -1.041
  std. dev.          0.1751  0.1666  0.1706  0.1668  0.1835  0.1544  0.2095
  weight sum            365     342     365     491     142     118     177
  precision          0.0008  0.0008  0.0008  0.0008  0.0008  0.0008  0.0008

w2v-own(12)
  mean              -0.0024  0.0004 -0.0019 -0.0024  0.0014 -0.0093  0.0095
  std. dev.          0.0863  0.0723  0.0702   0.081   0.104  0.0527  0.1388
  weight sum            365     342     365     491     142     118     177
  precision          0.0006  0.0006  0.0006  0.0006  0.0006  0.0006  0.0006

w2v-own(13)
  mean              -0.3876 -0.4377  -0.439  -0.427 -0.4292 -0.4097 -0.3804
  std. dev.          0.0874  0.1849  0.1887  0.1828   0.171   0.138  0.0895
  weight sum            365     342     365     491     142     118     177
  precision          0.0006  0.0006  0.0006  0.0006  0.0006  0.0006  0.0006

w2v-own(14)
  mean               0.3859  0.4472  0.4516  0.4318  0.4418  0.4124  0.3825
  std. dev.          0.1051  0.2132  0.2186  0.2133  0.2007  0.1593  0.1127
  weight sum            365     342     365     491     142     118     177
  precision          0.0007  0.0007  0.0007  0.0007  0.0007  0.0007  0.0007

w2v-own(15)
  mean               0.5004  0.5083  0.5068  0.4922  0.5147  0.5096  0.4981
  std. dev.          0.0919   0.076  0.0741  0.0784  0.0906  0.0761  0.1153
  weight sum            365     342     365     491     142     118     177
  precision          0.0005  0.0005  0.0005  0.0005  0.0005  0.0005  0.0005

w2v-own(16)
  mean               0.0028 -0.0178 -0.0189  0.0025 -0.0061 -0.0075  0.0172
  std. dev.          0.0658  0.0826  0.0912  0.0647  0.0872  0.0693  0.0663
  weight sum            365     342     365     491     142     118     177
  precision          0.0005  0.0005  0.0005  0.0005  0.0005  0.0005  0.0005

w2v-own(17)
  mean                0.531  0.5551  0.5607  0.5148  0.5506  0.5497  0.5177
  std. dev.          0.1286  0.1375  0.1532  0.1208  0.1567  0.1279  0.1537
  weight sum            365     342     365     491     142     118     177
  precision          0.0006  0.0006  0.0006  0.0006  0.0006  0.0006  0.0006

w2v-own(18)
  mean              -0.3245 -0.3206 -0.3149 -0.3071 -0.3181 -0.3204 -0.3281
  std. dev.          0.1172  0.0914  0.0928  0.1001  0.1353  0.0821  0.1773
  weight sum            365     342     365     491     142     118     177
  precision          0.0008  0.0008  0.0008  0.0008  0.0008  0.0008  0.0008

w2v-own(19)
  mean               -0.333 -0.3797 -0.3884 -0.3561 -0.3727 -0.3627 -0.3112
  std. dev.          0.0937  0.1272  0.1349  0.1138  0.1272  0.1073  0.0952
  weight sum            365     342     365     491     142     118     177
  precision          0.0006  0.0006  0.0006  0.0006  0.0006  0.0006  0.0006

w2v-own(20)
  mean              -0.0284  0.0031  0.0039 -0.0182 -0.0085 -0.0111  -0.036
  std. dev.          0.0649   0.086  0.0914  0.0779  0.0895   0.068   0.073
  weight sum            365     342     365     491     142     118     177
  precision          0.0005  0.0005  0.0005  0.0005  0.0005  0.0005  0.0005

w2v-own(21)
  mean               1.6387  1.6211  1.6232   1.577  1.6466  1.6498  1.6092
  std. dev.          0.2422  0.2929  0.3083  0.3009   0.321    0.29    0.25
  weight sum            365     342     365     491     142     118     177
  precision          0.0013  0.0013  0.0013  0.0013  0.0013  0.0013  0.0013

w2v-own(22)
  mean                0.591   0.602  0.6025   0.606  0.6213  0.5987  0.6043
  std. dev.          0.1456  0.1329  0.1335  0.1306  0.1541  0.1069  0.1958
  weight sum            365     342     365     491     142     118     177
  precision           0.001   0.001   0.001   0.001   0.001   0.001   0.001

w2v-own(23)
  mean               0.2734  0.2638  0.2707  0.2394  0.2655  0.2814  0.2489
  std. dev.          0.1205  0.1913  0.2056   0.175  0.2018  0.1513  0.1497
  weight sum            365     342     365     491     142     118     177
  precision          0.0009  0.0009  0.0009  0.0009  0.0009  0.0009  0.0009

w2v-own(24)
  mean              -0.8902 -0.9037 -0.9011 -0.9022 -0.9215 -0.9027 -0.8941
  std. dev.          0.1623  0.1519  0.1565  0.1475  0.1666  0.1387  0.1956
  weight sum            365     342     365     491     142     118     177
  precision          0.0009  0.0009  0.0009  0.0009  0.0009  0.0009  0.0009

w2v-own(25)
  mean              -0.0367 -0.0583 -0.0634 -0.0453 -0.0525 -0.0489 -0.0308
  std. dev.          0.0503  0.0717  0.0789  0.0567  0.0712  0.0611  0.0421
  weight sum            365     342     365     491     142     118     177
  precision          0.0004  0.0004  0.0004  0.0004  0.0004  0.0004  0.0004

w2v-own(26)
  mean               0.2928  0.2553  0.2523  0.2771   0.283  0.2751  0.3153
  std. dev.          0.1273  0.1466  0.1522  0.1405  0.1654  0.1225  0.1543
  weight sum            365     342     365     491     142     118     177
  precision           0.001   0.001   0.001   0.001   0.001   0.001   0.001

w2v-own(27)
  mean              -0.0695 -0.0115  -0.007 -0.0223 -0.0245 -0.0435 -0.0805
  std. dev.          0.0933  0.1733  0.1755  0.1793   0.181  0.1358  0.1301
  weight sum            365     342     365     491     142     118     177
  precision           0.001   0.001   0.001   0.001   0.001   0.001   0.001

w2v-own(28)
  mean              -0.5363 -0.5529 -0.5578 -0.5348 -0.5645 -0.5549 -0.5344
  std. dev.          0.0925  0.0864  0.0905  0.0898  0.0911  0.0806  0.1008
  weight sum            365     342     365     491     142     118     177
  precision          0.0004  0.0004  0.0004  0.0004  0.0004  0.0004  0.0004

w2v-own(29)
  mean              -0.1655 -0.1661 -0.1721 -0.1578 -0.1735 -0.1661 -0.1629
  std. dev.          0.0865  0.0831  0.0818  0.0768  0.0979  0.0682  0.1205
  weight sum            365     342     365     491     142     118     177
  precision          0.0005  0.0005  0.0005  0.0005  0.0005  0.0005  0.0005

w2v-own(30)
  mean               0.0342  0.0362  0.0332  0.0454  0.0324  0.0329  0.0274
  std. dev.          0.0577  0.0593  0.0664  0.0535  0.0719  0.0516  0.0773
  weight sum            365     342     365     491     142     118     177
  precision          0.0004  0.0004  0.0004  0.0004  0.0004  0.0004  0.0004

w2v-own(31)
  mean               0.1913  0.1759   0.177  0.1682  0.1832   0.186  0.1963
  std. dev.          0.0923  0.0995  0.1021  0.1077  0.1252  0.0791  0.1412
  weight sum            365     342     365     491     142     118     177
  precision          0.0008  0.0008  0.0008  0.0008  0.0008  0.0008  0.0008

w2v-own(32)
  mean              -0.3848 -0.4515 -0.4636 -0.4114 -0.4438 -0.4234 -0.3714
  std. dev.          0.1013  0.1712    0.18  0.1652  0.1621  0.1319  0.0945
  weight sum            365     342     365     491     142     118     177
  precision          0.0005  0.0005  0.0005  0.0005  0.0005  0.0005  0.0005

w2v-own(33)
  mean               0.5051  0.5598  0.5617  0.5504  0.5591  0.5278   0.509
  std. dev.          0.1495  0.2378  0.2406  0.2387  0.2354  0.1754  0.1981
  weight sum            365     342     365     491     142     118     177
  precision          0.0008  0.0008  0.0008  0.0008  0.0008  0.0008  0.0008

w2v-own(34)
  mean              -0.2642 -0.2691 -0.2639 -0.2765  -0.273 -0.2664 -0.2673
  std. dev.           0.062  0.0816  0.0881  0.0665  0.0796  0.0687  0.0642
  weight sum            365     342     365     491     142     118     177
  precision          0.0004  0.0004  0.0004  0.0004  0.0004  0.0004  0.0004

w2v-own(35)
  mean              -0.7892 -0.7164 -0.7121 -0.7227 -0.7526 -0.7636  -0.793
  std. dev.          0.1665   0.288  0.2946  0.2985  0.3031   0.241  0.1989
  weight sum            365     342     365     491     142     118     177
  precision          0.0016  0.0016  0.0016  0.0016  0.0016  0.0016  0.0016

w2v-own(36)
  mean              -1.1578 -1.2497 -1.2572 -1.2016  -1.246  -1.212 -1.1315
  std. dev.          0.2099   0.278  0.2849  0.2748  0.2705  0.2323   0.213
  weight sum            365     342     365     491     142     118     177
  precision          0.0008  0.0008  0.0008  0.0008  0.0008  0.0008  0.0008

w2v-own(37)
  mean               0.2449   0.235  0.2383  0.2136  0.2407  0.2445  0.2446
  std. dev.          0.0779  0.1094  0.1208  0.1017  0.1185  0.0959  0.0911
  weight sum            365     342     365     491     142     118     177
  precision          0.0006  0.0006  0.0006  0.0006  0.0006  0.0006  0.0006

w2v-own(38)
  mean               0.1862   0.198  0.1918  0.2179  0.1977  0.1883  0.1908
  std. dev.          0.0873  0.1585  0.1719  0.1317  0.1492  0.1235  0.0763
  weight sum            365     342     365     491     142     118     177
  precision          0.0007  0.0007  0.0007  0.0007  0.0007  0.0007  0.0007

w2v-own(39)
  mean              -2.3468 -2.4146 -2.4292 -2.3702 -2.4474 -2.4031 -2.3166
  std. dev.          0.3663  0.3355    0.34  0.3478  0.3549  0.3292  0.4022
  weight sum            365     342     365     491     142     118     177
  precision          0.0015  0.0015  0.0015  0.0015  0.0015  0.0015  0.0015

w2v-own(40)
  mean               0.4294  0.4257  0.4284  0.4221  0.4381  0.4323  0.4239
  std. dev.          0.0716   0.078   0.081  0.0826  0.0842  0.0784  0.0734
  weight sum            365     342     365     491     142     118     177
  precision          0.0004  0.0004  0.0004  0.0004  0.0004  0.0004  0.0004

w2v-own(41)
  mean               0.0914  0.0572  0.0559   0.055  0.0625  0.0819   0.078
  std. dev.          0.0824  0.1558   0.158  0.1578  0.1599  0.1202  0.1188
  weight sum            365     342     365     491     142     118     177
  precision          0.0005  0.0005  0.0005  0.0005  0.0005  0.0005  0.0005

w2v-own(42)
  mean               0.0685  0.0752  0.0761  0.0584  0.0729  0.0771  0.0573
  std. dev.          0.0677  0.0795  0.0836   0.074  0.0854  0.0653  0.0898
  weight sum            365     342     365     491     142     118     177
  precision          0.0004  0.0004  0.0004  0.0004  0.0004  0.0004  0.0004

w2v-own(43)
  mean               0.2638  0.2855  0.2893  0.2673  0.2812  0.2773  0.2625
  std. dev.          0.1024  0.0974  0.0999   0.097  0.1198  0.0803  0.1469
  weight sum            365     342     365     491     142     118     177
  precision          0.0006  0.0006  0.0006  0.0006  0.0006  0.0006  0.0006

w2v-own(44)
  mean              -0.4087 -0.4894 -0.4978  -0.468 -0.4745 -0.4565 -0.3829
  std. dev.          0.1198  0.1984  0.2021  0.2004  0.2022  0.1554  0.1442
  weight sum            365     342     365     491     142     118     177
  precision           0.001   0.001   0.001   0.001   0.001   0.001   0.001

w2v-own(45)
  mean              -0.2189 -0.2214 -0.2156 -0.2246  -0.227 -0.2098 -0.2404
  std. dev.           0.162  0.1256  0.1195  0.1413  0.1843  0.0873   0.261
  weight sum            365     342     365     491     142     118     177
  precision          0.0012  0.0012  0.0012  0.0012  0.0012  0.0012  0.0012

w2v-own(46)
  mean              -0.2596 -0.2686 -0.2747 -0.2276 -0.2646 -0.2713 -0.2503
  std. dev.           0.138  0.1973  0.2207  0.1618  0.2047  0.1714  0.1511
  weight sum            365     342     365     491     142     118     177
  precision          0.0009  0.0009  0.0009  0.0009  0.0009  0.0009  0.0009

w2v-own(47)
  mean              -0.5571 -0.5227 -0.5204 -0.5273  -0.545 -0.5452 -0.5576
  std. dev.          0.1079  0.1533  0.1586  0.1526  0.1593  0.1373  0.1116
  weight sum            365     342     365     491     142     118     177
  precision          0.0007  0.0007  0.0007  0.0007  0.0007  0.0007  0.0007

w2v-own(48)
  mean               -0.696 -0.7019 -0.7058 -0.6882  -0.709 -0.7073 -0.6713
  std. dev.          0.1076  0.1071  0.1121  0.1133  0.1256  0.1078  0.1248
  weight sum            365     342     365     491     142     118     177
  precision          0.0006  0.0006  0.0006  0.0006  0.0006  0.0006  0.0006

w2v-own(49)
  mean              -0.2537 -0.2947 -0.2983 -0.2811  -0.288 -0.2754 -0.2487
  std. dev.          0.0708  0.1459  0.1479  0.1472  0.1355  0.1129  0.0677
  weight sum            365     342     365     491     142     118     177
  precision          0.0004  0.0004  0.0004  0.0004  0.0004  0.0004  0.0004

w2v-own(50)
  mean              -0.9355 -0.9892 -0.9911 -0.9547  -0.986 -0.9719 -0.9173
  std. dev.          0.1389  0.1592  0.1657  0.1618  0.1566   0.145  0.1413
  weight sum            365     342     365     491     142     118     177
  precision          0.0005  0.0005  0.0005  0.0005  0.0005  0.0005  0.0005

w2v-own(51)
  mean              -0.8931 -0.9311  -0.938 -0.8869 -0.9241 -0.9229 -0.8619
  std. dev.          0.1544  0.1654  0.1811  0.1471  0.1771  0.1656  0.1527
  weight sum            365     342     365     491     142     118     177
  precision          0.0007  0.0007  0.0007  0.0007  0.0007  0.0007  0.0007

w2v-own(52)
  mean               -0.339 -0.3005 -0.2952 -0.3167 -0.3274 -0.3203 -0.3584
  std. dev.          0.1312  0.1465  0.1484  0.1523  0.1748  0.1178  0.1804
  weight sum            365     342     365     491     142     118     177
  precision          0.0011  0.0011  0.0011  0.0011  0.0011  0.0011  0.0011

w2v-own(53)
  mean               0.4776  0.4517  0.4542  0.4486  0.4726  0.4709    0.48
  std. dev.           0.098  0.1233  0.1274  0.1314  0.1428  0.1091  0.1256
  weight sum            365     342     365     491     142     118     177
  precision          0.0008  0.0008  0.0008  0.0008  0.0008  0.0008  0.0008

w2v-own(54)
  mean               0.1727  0.2426  0.2499  0.2192  0.2263  0.2103  0.1585
  std. dev.          0.1011  0.1962  0.1995  0.1956  0.1939  0.1525  0.1141
  weight sum            365     342     365     491     142     118     177
  precision          0.0008  0.0008  0.0008  0.0008  0.0008  0.0008  0.0008

w2v-own(55)
  mean              -1.1171 -1.1885 -1.2018 -1.1646 -1.1939 -1.1582  -1.097
  std. dev.          0.1829  0.2521  0.2542  0.2534  0.2337  0.2044  0.1895
  weight sum            365     342     365     491     142     118     177
  precision          0.0008  0.0008  0.0008  0.0008  0.0008  0.0008  0.0008

w2v-own(56)
  mean               0.8316  0.8871  0.8958  0.8466  0.8894  0.8689  0.8048
  std. dev.          0.1437  0.1581  0.1671  0.1535   0.156  0.1445  0.1412
  weight sum            365     342     365     491     142     118     177
  precision          0.0005  0.0005  0.0005  0.0005  0.0005  0.0005  0.0005

w2v-own(57)
  mean               0.0054 -0.0045 -0.0022 -0.0089 -0.0021  0.0038 -0.0071
  std. dev.          0.0704  0.0659  0.0676    0.07   0.088  0.0482  0.1106
  weight sum            365     342     365     491     142     118     177
  precision          0.0005  0.0005  0.0005  0.0005  0.0005  0.0005  0.0005

w2v-own(58)
  mean               1.0943  1.1469   1.155  1.1153  1.1544  1.1292  1.0758
  std. dev.          0.1723  0.1807  0.1851  0.1837  0.1838  0.1644  0.1914
  weight sum            365     342     365     491     142     118     177
  precision          0.0006  0.0006  0.0006  0.0006  0.0006  0.0006  0.0006

w2v-own(59)
  mean              -0.0853 -0.0635 -0.0659 -0.0449 -0.0703 -0.0782 -0.0784
  std. dev.          0.0828    0.18  0.1915  0.1627  0.1735  0.1415  0.0728
  weight sum            365     342     365     491     142     118     177
  precision          0.0008  0.0008  0.0008  0.0008  0.0008  0.0008  0.0008

w2v-own(60)
  mean               0.3469  0.3846  0.3879   0.376  0.3829  0.3624  0.3479
  std. dev.          0.0766   0.151  0.1537  0.1484  0.1397  0.1097  0.0787
  weight sum            365     342     365     491     142     118     177
  precision          0.0005  0.0005  0.0005  0.0005  0.0005  0.0005  0.0005

w2v-own(61)
  mean               0.3236  0.2997  0.3038  0.3105  0.3191  0.3122  0.3354
  std. dev.          0.1248   0.107  0.1046  0.1156  0.1455  0.0872  0.1875
  weight sum            365     342     365     491     142     118     177
  precision          0.0009  0.0009  0.0009  0.0009  0.0009  0.0009  0.0009

w2v-own(62)
  mean               0.3699   0.412  0.4079  0.4188   0.407  0.3898  0.3657
  std. dev.          0.0948  0.1904  0.2003  0.1757  0.1778  0.1512  0.0877
  weight sum            365     342     365     491     142     118     177
  precision          0.0008  0.0008  0.0008  0.0008  0.0008  0.0008  0.0008

w2v-own(63)
  mean               1.3448  1.3788  1.3893  1.3521  1.3953  1.3739   1.315
  std. dev.          0.1984   0.179  0.1838  0.1849  0.1845  0.1826  0.1982
  weight sum            365     342     365     491     142     118     177
  precision          0.0008  0.0008  0.0008  0.0008  0.0008  0.0008  0.0008

w2v-own(64)
  mean               0.3794  0.3388  0.3379   0.333   0.361  0.3639  0.3913
  std. dev.            0.12  0.1533  0.1544   0.162  0.1777  0.1257  0.1692
  weight sum            365     342     365     491     142     118     177
  precision          0.0011  0.0011  0.0011  0.0011  0.0011  0.0011  0.0011

w2v-own(65)
  mean              -0.2468 -0.2806 -0.2949 -0.2554 -0.2843 -0.2643 -0.2484
  std. dev.           0.105  0.1236  0.1297  0.1135  0.1302  0.0966  0.1315
  weight sum            365     342     365     491     142     118     177
  precision          0.0007  0.0007  0.0007  0.0007  0.0007  0.0007  0.0007

w2v-own(66)
  mean               0.1319  0.1654  0.1714  0.1364  0.1562  0.1507  0.1219
  std. dev.          0.0646  0.1012  0.1094   0.095  0.1006   0.082  0.0645
  weight sum            365     342     365     491     142     118     177
  precision          0.0004  0.0004  0.0004  0.0004  0.0004  0.0004  0.0004

w2v-own(67)
  mean              -1.2726 -1.3503 -1.3619 -1.2986 -1.3544 -1.3282 -1.2441
  std. dev.          0.1951  0.2092  0.2192  0.2046  0.2077  0.1939  0.1957
  weight sum            365     342     365     491     142     118     177
  precision          0.0007  0.0007  0.0007  0.0007  0.0007  0.0007  0.0007

w2v-own(68)
  mean               0.7493  0.7537  0.7555  0.7388  0.7687  0.7566  0.7449
  std. dev.          0.1205   0.108  0.1095   0.114   0.123  0.1091  0.1375
  weight sum            365     342     365     491     142     118     177
  precision          0.0006  0.0006  0.0006  0.0006  0.0006  0.0006  0.0006

w2v-own(69)
  mean                0.291  0.3015  0.3093  0.2811  0.3018  0.3029  0.2731
  std. dev.          0.0688  0.0813  0.0916  0.0683  0.0856   0.078   0.071
  weight sum            365     342     365     491     142     118     177
  precision          0.0004  0.0004  0.0004  0.0004  0.0004  0.0004  0.0004

w2v-own(70)
  mean               0.6409  0.6572  0.6627  0.6523  0.6743  0.6561  0.6395
  std. dev.          0.0941  0.0874  0.0902  0.0891  0.0864  0.0813   0.099
  weight sum            365     342     365     491     142     118     177
  precision          0.0004  0.0004  0.0004  0.0004  0.0004  0.0004  0.0004

w2v-own(71)
  mean              -0.7595 -0.8235 -0.8264 -0.8111 -0.8278 -0.7904 -0.7574
  std. dev.          0.1545  0.2412   0.244  0.2384  0.2267  0.1866  0.1755
  weight sum            365     342     365     491     142     118     177
  precision          0.0007  0.0007  0.0007  0.0007  0.0007  0.0007  0.0007

w2v-own(72)
  mean               0.2251  0.2348  0.2359  0.2412  0.2398  0.2299  0.2264
  std. dev.          0.0443  0.0567  0.0585  0.0515  0.0536  0.0446  0.0487
  weight sum            365     342     365     491     142     118     177
  precision          0.0003  0.0003  0.0003  0.0003  0.0003  0.0003  0.0003

w2v-own(73)
  mean               0.0378 -0.0532 -0.0582 -0.0257 -0.0272 -0.0049   0.052
  std. dev.          0.1097  0.2442  0.2501  0.2449  0.2379  0.1911  0.0965
  weight sum            365     342     365     491     142     118     177
  precision          0.0009  0.0009  0.0009  0.0009  0.0009  0.0009  0.0009

w2v-own(74)
  mean              -0.7601 -0.7603 -0.7688 -0.7438 -0.7714   -0.78 -0.7279
  std. dev.          0.1412  0.1624  0.1736  0.1656  0.1877  0.1523  0.1762
  weight sum            365     342     365     491     142     118     177
  precision          0.0008  0.0008  0.0008  0.0008  0.0008  0.0008  0.0008

w2v-own(75)
  mean               0.1163  0.1146  0.1179  0.1187   0.116  0.1207   0.103
  std. dev.          0.0478  0.0431  0.0433  0.0473  0.0583  0.0342   0.068
  weight sum            365     342     365     491     142     118     177
  precision          0.0004  0.0004  0.0004  0.0004  0.0004  0.0004  0.0004

w2v-own(76)
  mean              -0.2499 -0.2161 -0.2165 -0.2219 -0.2223 -0.2433 -0.2232
  std. dev.          0.1466  0.1708  0.1725  0.1849  0.2076  0.1326  0.2257
  weight sum            365     342     365     491     142     118     177
  precision           0.001   0.001   0.001   0.001   0.001   0.001   0.001

w2v-own(77)
  mean               1.3818  1.4244  1.4351  1.3894    1.44  1.4128  1.3683
  std. dev.          0.2116  0.1937  0.1956  0.2023  0.2091  0.1841  0.2478
  weight sum            365     342     365     491     142     118     177
  precision           0.001   0.001   0.001   0.001   0.001   0.001   0.001

w2v-own(78)
  mean               0.4962  0.5398  0.5471  0.5232  0.5451  0.5207  0.4969
  std. dev.          0.1098  0.1374  0.1364  0.1401  0.1347  0.1067  0.1335
  weight sum            365     342     365     491     142     118     177
  precision          0.0005  0.0005  0.0005  0.0005  0.0005  0.0005  0.0005

w2v-own(79)
  mean              -0.5707 -0.6018 -0.6048 -0.5921 -0.6095 -0.5901  -0.563
  std. dev.          0.0966  0.1173  0.1177  0.1178  0.1106  0.0972  0.1047
  weight sum            365     342     365     491     142     118     177
  precision          0.0004  0.0004  0.0004  0.0004  0.0004  0.0004  0.0004

w2v-own(80)
  mean              -0.1996 -0.2781 -0.2838 -0.2388 -0.2581 -0.2362 -0.1974
  std. dev.          0.1391  0.2466  0.2557  0.2479  0.2467  0.1894  0.1718
  weight sum            365     342     365     491     142     118     177
  precision          0.0007  0.0007  0.0007  0.0007  0.0007  0.0007  0.0007

w2v-own(81)
  mean              -0.3165 -0.3664 -0.3684 -0.3592 -0.3508 -0.3401 -0.2908
  std. dev.          0.1268   0.176  0.1759  0.1803  0.1941  0.1327  0.1844
  weight sum            365     342     365     491     142     118     177
  precision          0.0012  0.0012  0.0012  0.0012  0.0012  0.0012  0.0012

w2v-own(82)
  mean              -0.4569 -0.4255 -0.4243 -0.4269 -0.4502 -0.4438  -0.471
  std. dev.          0.1465  0.1356  0.1332  0.1465  0.1748  0.1153   0.211
  weight sum            365     342     365     491     142     118     177
  precision          0.0011  0.0011  0.0011  0.0011  0.0011  0.0011  0.0011

w2v-own(83)
  mean               0.2602  0.2061  0.2029  0.2098  0.2213  0.2447  0.2407
  std. dev.          0.1138  0.2567  0.2617  0.2613  0.2561  0.2018  0.1403
  weight sum            365     342     365     491     142     118     177
  precision          0.0009  0.0009  0.0009  0.0009  0.0009  0.0009  0.0009

w2v-own(84)
  mean              -0.2659   -0.28 -0.2794 -0.2865 -0.2883 -0.2706 -0.2641
  std. dev.           0.053  0.0703  0.0769  0.0658  0.0669  0.0587  0.0515
  weight sum            365     342     365     491     142     118     177
  precision          0.0002  0.0002  0.0002  0.0002  0.0002  0.0002  0.0002

w2v-own(85)
  mean               0.5058  0.5039  0.4981  0.4777  0.5023  0.5053  0.5038
  std. dev.          0.1403  0.1173  0.1216  0.1257  0.1624  0.1116  0.2038
  weight sum            365     342     365     491     142     118     177
  precision           0.001   0.001   0.001   0.001   0.001   0.001   0.001

w2v-own(86)
  mean               0.0541  0.0152  0.0203 -0.0049  0.0222  0.0421  0.0455
  std. dev.          0.1105  0.2417  0.2604   0.218  0.2329   0.195  0.0912
  weight sum            365     342     365     491     142     118     177
  precision          0.0011  0.0011  0.0011  0.0011  0.0011  0.0011  0.0011

w2v-own(87)
  mean               0.1486  0.1901  0.1982  0.1624  0.1781  0.1736  0.1341
  std. dev.          0.0936  0.1521  0.1591   0.137  0.1461  0.1255   0.088
  weight sum            365     342     365     491     142     118     177
  precision          0.0005  0.0005  0.0005  0.0005  0.0005  0.0005  0.0005

w2v-own(88)
  mean               0.3121  0.3135  0.3068  0.3224  0.3215   0.309  0.3279
  std. dev.           0.116  0.1251  0.1302  0.1109  0.1397  0.0955  0.1586
  weight sum            365     342     365     491     142     118     177
  precision          0.0009  0.0009  0.0009  0.0009  0.0009  0.0009  0.0009

w2v-own(89)
  mean              -0.1581 -0.1278 -0.1217 -0.1584 -0.1494 -0.1346 -0.1855
  std. dev.          0.1432  0.1579  0.1715  0.1259  0.1708  0.1284  0.1723
  weight sum            365     342     365     491     142     118     177
  precision          0.0011  0.0011  0.0011  0.0011  0.0011  0.0011  0.0011

w2v-own(90)
  mean              -0.3371 -0.3496 -0.3561 -0.3084 -0.3474 -0.3473 -0.3232
  std. dev.          0.1119  0.1487  0.1683  0.1206  0.1576  0.1318  0.1119
  weight sum            365     342     365     491     142     118     177
  precision          0.0007  0.0007  0.0007  0.0007  0.0007  0.0007  0.0007

w2v-own(91)
  mean               0.5129  0.4847  0.4876  0.4909  0.5053  0.5027   0.503
  std. dev.          0.0838  0.1293  0.1334  0.1337  0.1337   0.119  0.0788
  weight sum            365     342     365     491     142     118     177
  precision          0.0006  0.0006  0.0006  0.0006  0.0006  0.0006  0.0006

w2v-own(92)
  mean              -0.7991 -0.8393 -0.8395 -0.8393 -0.8445 -0.8214 -0.7984
  std. dev.          0.1386  0.2014  0.2099   0.183  0.1869  0.1592  0.1424
  weight sum            365     342     365     491     142     118     177
  precision          0.0007  0.0007  0.0007  0.0007  0.0007  0.0007  0.0007

w2v-own(93)
  mean               2.1174  2.2699  2.2854  2.2037  2.2694  2.2103  2.0714
  std. dev.          0.3357  0.4384   0.445  0.4422  0.4129  0.3659  0.3448
  weight sum            365     342     365     491     142     118     177
  precision          0.0013  0.0013  0.0013  0.0013  0.0013  0.0013  0.0013

w2v-own(94)
  mean               0.0667  0.0608  0.0673  0.0528  0.0651  0.0664   0.066
  std. dev.          0.0642   0.063  0.0651  0.0603  0.0716  0.0571  0.0801
  weight sum            365     342     365     491     142     118     177
  precision          0.0004  0.0004  0.0004  0.0004  0.0004  0.0004  0.0004

w2v-own(95)
  mean               0.1984  0.1385   0.136  0.1515  0.1631   0.173   0.203
  std. dev.          0.0807  0.1978  0.2032  0.1986  0.1939  0.1531  0.0768
  weight sum            365     342     365     491     142     118     177
  precision          0.0008  0.0008  0.0008  0.0008  0.0008  0.0008  0.0008

w2v-own(96)
  mean               0.9685   0.967   0.972  0.9536  0.9844  0.9838  0.9466
  std. dev.          0.1352  0.1493  0.1547  0.1556  0.1646  0.1554  0.1338
  weight sum            365     342     365     491     142     118     177
  precision          0.0007  0.0007  0.0007  0.0007  0.0007  0.0007  0.0007

w2v-own(97)
  mean               0.7557  0.7698  0.7686  0.7519  0.7791  0.7648  0.7553
  std. dev.          0.1573  0.1263  0.1247  0.1372  0.1601  0.1144  0.2146
  weight sum            365     342     365     491     142     118     177
  precision          0.0009  0.0009  0.0009  0.0009  0.0009  0.0009  0.0009

w2v-own(98)
  mean               0.2669  0.2898  0.2882  0.2597   0.279  0.2803   0.248
  std. dev.          0.0795  0.0929  0.1041   0.076  0.0985  0.0875  0.0768
  weight sum            365     342     365     491     142     118     177
  precision          0.0004  0.0004  0.0004  0.0004  0.0004  0.0004  0.0004

w2v-own(99)
  mean               0.9643  1.0128  1.0209  0.9765  1.0172   1.001  0.9463
  std. dev.          0.1462  0.1465   0.155  0.1447  0.1478  0.1412  0.1491
  weight sum            365     342     365     491     142     118     177
  precision          0.0005  0.0005  0.0005  0.0005  0.0005  0.0005  0.0005

w2v-own(100)
  mean               -0.344 -0.3541 -0.3533 -0.3572 -0.3631 -0.3468 -0.3622
  std. dev.          0.1405  0.1178  0.1154  0.1235  0.1556   0.091  0.2095
  weight sum            365     342     365     491     142     118     177
  precision           0.001   0.001   0.001   0.001   0.001   0.001   0.001



Time taken to build model: 0.28 seconds

=== Stratified cross-validation ===
=== Summary ===

Correctly Classified Instances         341               17.05   %
Incorrectly Classified Instances      1659               82.95   %
Kappa statistic                          0.0136
Mean absolute error                      0.2371
Root mean squared error                  0.4735
Relative absolute error                100.2751 %
Root relative squared error            137.7241 %
Total Number of Instances             2000     

=== Detailed Accuracy By Class ===

                 TP Rate  FP Rate  Precision  Recall   F-Measure  MCC      ROC Area  PRC Area  Class
                 0,696    0,676    0,187      0,696    0,294      0,016    0,511     0,188     1
                 0,012    0,010    0,190      0,012    0,022      0,005    0,478     0,170     2
                 0,104    0,076    0,235      0,104    0,144      0,040    0,574     0,227     3
                 0,020    0,013    0,333      0,020    0,038      0,025    0,500     0,245     4
                 0,021    0,032    0,048      0,021    0,029      -0,016   0,474     0,068     5
                 0,136    0,124    0,064      0,136    0,087      0,008    0,507     0,060     6
                 0,090    0,054    0,139      0,090    0,110      0,044    0,586     0,119     7
Weighted Avg.    0,171    0,157    0,211      0,171    0,110      0,021    0,518     0,184     

=== Confusion Matrix ===

   a   b   c   d   e   f   g   <-- classified as
 254   2   9   6  14  50  30 |   a = 1
 222   4  42   5  11  43  15 |   b = 2
 229  10  38   3  18  57  10 |   c = 3
 353   4  43  10   5  45  31 |   d = 4
  86   0  16   3   3  24  10 |   e = 5
  87   0   8   1   3  16   3 |   f = 6
 129   1   6   2   8  15  16 |   g = 7

