=== Run information ===

Scheme:       weka.classifiers.bayes.NaiveBayes 
Relation:     comment-move-2
Instances:    2000
Attributes:   102
              [list of attributes omitted]
Test mode:    10-fold cross-validation

=== Classifier model (full training set) ===

Naive Bayes Classifier

                     Class
Attribute                1       2       3       4       5       6
                    (0.01)  (0.42)  (0.18)  (0.16)  (0.19)  (0.04)
===================================================================
number_of_tokens
  mean                    6  6.4766  6.3261  6.4373  5.8215   6.025
  std. dev.          1.8762  1.7144  1.8378  1.7882  1.7098    1.62
  weight sum             25     835     368     311     381      80
  precision               1       1       1       1       1       1

w2v-own(1)
  mean              -0.2464 -0.2347 -0.2033 -0.2196 -0.2267 -0.2424
  std. dev.          0.0816  0.0924   0.098  0.0813  0.0908  0.0614
  weight sum             25     835     368     311     381      80
  precision          0.0007  0.0007  0.0007  0.0007  0.0007  0.0007

w2v-own(2)
  mean               0.7288  0.7276   0.808  0.7493  0.7872  0.7574
  std. dev.          0.2091   0.159  0.1592  0.1403   0.136  0.1315
  weight sum             25     835     368     311     381      80
  precision          0.0008  0.0008  0.0008  0.0008  0.0008  0.0008

w2v-own(3)
  mean               0.6024  0.5495  0.6049  0.5818  0.5897  0.5815
  std. dev.          0.1464  0.1055  0.1126  0.0987   0.096  0.0994
  weight sum             25     835     368     311     381      80
  precision          0.0005  0.0005  0.0005  0.0005  0.0005  0.0005

w2v-own(4)
  mean               0.2543  0.2334  0.2229  0.2196  0.1981  0.2045
  std. dev.          0.2235  0.1081  0.0877  0.1119  0.0879  0.1246
  weight sum             25     835     368     311     381      80
  precision          0.0008  0.0008  0.0008  0.0008  0.0008  0.0008

w2v-own(5)
  mean               0.1961  0.2171  0.2558  0.2096  0.2203  0.2072
  std. dev.          0.0787  0.0722  0.1082   0.061  0.0679   0.058
  weight sum             25     835     368     311     381      80
  precision          0.0005  0.0005  0.0005  0.0005  0.0005  0.0005

w2v-own(6)
  mean              -0.8731 -0.8368 -0.8947 -0.8612 -0.8848 -0.8765
  std. dev.          0.1578  0.1312  0.1521  0.1135  0.1127  0.1086
  weight sum             25     835     368     311     381      80
  precision          0.0007  0.0007  0.0007  0.0007  0.0007  0.0007

w2v-own(7)
  mean               0.3905  0.3661  0.3941  0.3817  0.3964   0.387
  std. dev.          0.0892  0.0684  0.0657  0.0646  0.0656  0.0614
  weight sum             25     835     368     311     381      80
  precision          0.0003  0.0003  0.0003  0.0003  0.0003  0.0003

w2v-own(8)
  mean               0.4638  0.4495  0.4722   0.462  0.4796  0.4677
  std. dev.          0.0904  0.0771  0.0688  0.0684   0.071  0.0634
  weight sum             25     835     368     311     381      80
  precision          0.0003  0.0003  0.0003  0.0003  0.0003  0.0003

w2v-own(9)
  mean               0.2614  0.2587  0.2267  0.2459  0.2406  0.2456
  std. dev.          0.0792  0.0997  0.1087   0.088  0.1005  0.0683
  weight sum             25     835     368     311     381      80
  precision          0.0008  0.0008  0.0008  0.0008  0.0008  0.0008

w2v-own(10)
  mean              -0.0893 -0.0793  -0.102 -0.0867 -0.0914 -0.0909
  std. dev.           0.046  0.0409  0.0674  0.0376  0.0419  0.0316
  weight sum             25     835     368     311     381      80
  precision          0.0003  0.0003  0.0003  0.0003  0.0003  0.0003

w2v-own(11)
  mean              -1.1625 -1.0837 -1.1265 -1.1007 -1.1098 -1.0956
  std. dev.           0.322  0.1938  0.1568  0.1822  0.1507  0.1779
  weight sum             25     835     368     311     381      80
  precision           0.001   0.001   0.001   0.001   0.001   0.001

w2v-own(12)
  mean                0.033 -0.0073 -0.0209 -0.0166 -0.0257 -0.0162
  std. dev.          0.2489  0.1015  0.0629  0.0956  0.0376  0.1078
  weight sum             25     835     368     311     381      80
  precision          0.0007  0.0007  0.0007  0.0007  0.0007  0.0007

w2v-own(13)
  mean              -0.4287 -0.4023  -0.445  -0.412 -0.4249 -0.4207
  std. dev.          0.1116  0.0914   0.094    0.08  0.0789  0.0713
  weight sum             25     835     368     311     381      80
  precision          0.0006  0.0006  0.0006  0.0006  0.0006  0.0006

w2v-own(14)
  mean               0.4375  0.4085  0.4789  0.4185  0.4272  0.4098
  std. dev.          0.1538  0.1145  0.1496  0.1013  0.0911  0.0843
  weight sum             25     835     368     311     381      80
  precision          0.0006  0.0006  0.0006  0.0006  0.0006  0.0006

w2v-own(15)
  mean               0.5572  0.5143  0.5443   0.532  0.5407  0.5407
  std. dev.          0.1861   0.101  0.0949  0.0963  0.0755  0.0982
  weight sum             25     835     368     311     381      80
  precision          0.0006  0.0006  0.0006  0.0006  0.0006  0.0006

w2v-own(16)
  mean               0.0297  0.0025 -0.0058  0.0168  0.0095  0.0194
  std. dev.          0.0821  0.0616  0.0693  0.0603  0.0657  0.0567
  weight sum             25     835     368     311     381      80
  precision          0.0005  0.0005  0.0005  0.0005  0.0005  0.0005

w2v-own(17)
  mean               0.5925  0.5468  0.5492   0.538  0.5511  0.5586
  std. dev.          0.2224  0.1355  0.1098  0.1287  0.1085  0.1119
  weight sum             25     835     368     311     381      80
  precision          0.0007  0.0007  0.0007  0.0007  0.0007  0.0007

w2v-own(18)
  mean              -0.4235 -0.3359 -0.3664 -0.3494 -0.3637 -0.3824
  std. dev.           0.303  0.1378  0.1325  0.1378  0.0915  0.1394
  weight sum             25     835     368     311     381      80
  precision          0.0009  0.0009  0.0009  0.0009  0.0009  0.0009

w2v-own(19)
  mean              -0.3298 -0.3524 -0.3871 -0.3458  -0.353 -0.3359
  std. dev.          0.1091  0.0945  0.1083  0.0848  0.0872  0.0791
  weight sum             25     835     368     311     381      80
  precision          0.0005  0.0005  0.0005  0.0005  0.0005  0.0005

w2v-own(20)
  mean              -0.0653 -0.0301  -0.036 -0.0478 -0.0418 -0.0482
  std. dev.          0.1028  0.0653  0.0579  0.0607  0.0549  0.0596
  weight sum             25     835     368     311     381      80
  precision          0.0005  0.0005  0.0005  0.0005  0.0005  0.0005

w2v-own(21)
  mean               1.7752  1.6846  1.7264  1.7157  1.7468  1.7352
  std. dev.          0.3552  0.2639  0.2335  0.2346  0.2314  0.2257
  weight sum             25     835     368     311     381      80
  precision           0.001   0.001   0.001   0.001   0.001   0.001

w2v-own(22)
  mean               0.6958  0.6117  0.6561  0.6367  0.6314  0.6306
  std. dev.          0.3418  0.1628  0.1315  0.1552  0.0989  0.1615
  weight sum             25     835     368     311     381      80
  precision          0.0011  0.0011  0.0011  0.0011  0.0011  0.0011

w2v-own(23)
  mean               0.2129  0.2737  0.2333  0.2589  0.2602  0.2433
  std. dev.          0.2433  0.1335  0.1564  0.1172  0.1006  0.1183
  weight sum             25     835     368     311     381      80
  precision           0.001   0.001   0.001   0.001   0.001   0.001

w2v-own(24)
  mean              -1.0095 -0.9178 -0.9855 -0.9563  -0.969 -0.9642
  std. dev.          0.3214   0.178  0.1603   0.173  0.1402  0.1726
  weight sum             25     835     368     311     381      80
  precision           0.001   0.001   0.001   0.001   0.001   0.001

w2v-own(25)
  mean              -0.0236 -0.0375 -0.0143 -0.0248  -0.024 -0.0209
  std. dev.           0.027  0.0515   0.091  0.0474  0.0552  0.0368
  weight sum             25     835     368     311     381      80
  precision          0.0005  0.0005  0.0005  0.0005  0.0005  0.0005

w2v-own(26)
  mean               0.3594  0.2998  0.3115  0.3164  0.2968  0.3009
  std. dev.          0.2565  0.1308  0.0989  0.1233   0.093  0.1307
  weight sum             25     835     368     311     381      80
  precision           0.001   0.001   0.001   0.001   0.001   0.001

w2v-own(27)
  mean              -0.1214 -0.0655 -0.0387 -0.0744 -0.0733 -0.0972
  std. dev.          0.2105   0.104  0.0879  0.0937  0.0697  0.0952
  weight sum             25     835     368     311     381      80
  precision          0.0009  0.0009  0.0009  0.0009  0.0009  0.0009

w2v-own(28)
  mean              -0.5897 -0.5585 -0.5982   -0.57  -0.571 -0.5572
  std. dev.          0.1448  0.0993   0.101  0.0913  0.0827  0.0912
  weight sum             25     835     368     311     381      80
  precision          0.0005  0.0005  0.0005  0.0005  0.0005  0.0005

w2v-own(29)
  mean              -0.2256 -0.1759 -0.1832 -0.1815 -0.1798 -0.1828
  std. dev.          0.1902  0.0924  0.0667  0.0911  0.0571  0.0902
  weight sum             25     835     368     311     381      80
  precision          0.0006  0.0006  0.0006  0.0006  0.0006  0.0006

w2v-own(30)
  mean               0.0217  0.0325  0.0526  0.0431  0.0538  0.0501
  std. dev.           0.126  0.0615  0.0542  0.0573  0.0428  0.0606
  weight sum             25     835     368     311     381      80
  precision          0.0004  0.0004  0.0004  0.0004  0.0004  0.0004

w2v-own(31)
  mean               0.2593  0.1969  0.2007  0.1982  0.1946  0.2044
  std. dev.          0.2416  0.1057  0.0722   0.099  0.0434  0.1064
  weight sum             25     835     368     311     381      80
  precision          0.0008  0.0008  0.0008  0.0008  0.0008  0.0008

w2v-own(32)
  mean              -0.3852 -0.4034 -0.4262 -0.3919  -0.397 -0.3756
  std. dev.          0.0966  0.1044  0.0991  0.0974  0.0996  0.0741
  weight sum             25     835     368     311     381      80
  precision          0.0005  0.0005  0.0005  0.0005  0.0005  0.0005

w2v-own(33)
  mean                0.609   0.528  0.5946   0.549  0.5562  0.5478
  std. dev.          0.3295  0.1675  0.1483  0.1561   0.105  0.1513
  weight sum             25     835     368     311     381      80
  precision           0.001   0.001   0.001   0.001   0.001   0.001

w2v-own(34)
  mean              -0.3066 -0.2709 -0.2766  -0.289 -0.2972 -0.3019
  std. dev.          0.0901   0.065  0.0583  0.0612  0.0665  0.0618
  weight sum             25     835     368     311     381      80
  precision          0.0004  0.0004  0.0004  0.0004  0.0004  0.0004

w2v-own(35)
  mean              -0.9092 -0.8081 -0.8284 -0.8436 -0.8472  -0.855
  std. dev.          0.3138  0.1785  0.1609  0.1601  0.1341  0.1614
  weight sum             25     835     368     311     381      80
  precision          0.0014  0.0014  0.0014  0.0014  0.0014  0.0014

w2v-own(36)
  mean              -1.2651 -1.2048 -1.3254 -1.2369 -1.2758 -1.2445
  std. dev.          0.2681  0.2258  0.2579  0.2023  0.1934  0.1758
  weight sum             25     835     368     311     381      80
  precision          0.0011  0.0011  0.0011  0.0011  0.0011  0.0011

w2v-own(37)
  mean               0.2703  0.2468  0.2089  0.2338  0.2303  0.2374
  std. dev.          0.1374  0.0858  0.0988  0.0781  0.0708   0.077
  weight sum             25     835     368     311     381      80
  precision          0.0006  0.0006  0.0006  0.0006  0.0006  0.0006

w2v-own(38)
  mean               0.2235  0.1988  0.2276  0.2285  0.2404  0.2333
  std. dev.          0.0692   0.084  0.0835   0.082  0.0981  0.0727
  weight sum             25     835     368     311     381      80
  precision          0.0006  0.0006  0.0006  0.0006  0.0006  0.0006

w2v-own(39)
  mean              -2.6041 -2.4335  -2.605 -2.5073 -2.5523 -2.5065
  std. dev.           0.601  0.4009  0.3876  0.3731  0.3344  0.3617
  weight sum             25     835     368     311     381      80
  precision          0.0019  0.0019  0.0019  0.0019  0.0019  0.0019

w2v-own(40)
  mean               0.4779  0.4446  0.4803  0.4636  0.4705  0.4663
  std. dev.           0.103  0.0759  0.0808  0.0682  0.0675  0.0701
  weight sum             25     835     368     311     381      80
  precision          0.0003  0.0003  0.0003  0.0003  0.0003  0.0003

w2v-own(41)
  mean               0.0503  0.0871  0.0653  0.0892  0.0994  0.0962
  std. dev.          0.2042  0.0936  0.0772  0.0838  0.0483   0.085
  weight sum             25     835     368     311     381      80
  precision          0.0006  0.0006  0.0006  0.0006  0.0006  0.0006

w2v-own(42)
  mean                 0.01  0.0681  0.0412  0.0431  0.0411    0.04
  std. dev.          0.1392  0.0752  0.0672  0.0823  0.0801  0.0888
  weight sum             25     835     368     311     381      80
  precision          0.0005  0.0005  0.0005  0.0005  0.0005  0.0005

w2v-own(43)
  mean               0.3387  0.2768  0.2968  0.2804  0.2885  0.2921
  std. dev.           0.243  0.1133  0.0875  0.1123   0.075  0.1105
  weight sum             25     835     368     311     381      80
  precision          0.0007  0.0007  0.0007  0.0007  0.0007  0.0007

w2v-own(44)
  mean              -0.3945 -0.4326 -0.5088 -0.4392  -0.464 -0.4338
  std. dev.          0.2159  0.1335  0.1664  0.1098  0.0891  0.1069
  weight sum             25     835     368     311     381      80
  precision           0.001   0.001   0.001   0.001   0.001   0.001

w2v-own(45)
  mean              -0.3238 -0.2194 -0.2285 -0.2262  -0.218 -0.2323
  std. dev.          0.4644    0.19  0.1142  0.1786  0.0556  0.1956
  weight sum             25     835     368     311     381      80
  precision          0.0013  0.0013  0.0013  0.0013  0.0013  0.0013

w2v-own(46)
  mean              -0.2902 -0.2641 -0.2295 -0.2417 -0.2478 -0.2613
  std. dev.          0.1926   0.137  0.1286  0.1302  0.1237  0.0998
  weight sum             25     835     368     311     381      80
  precision          0.0007  0.0007  0.0007  0.0007  0.0007  0.0007

w2v-own(47)
  mean              -0.6235 -0.5695 -0.5898 -0.5963 -0.6023 -0.6055
  std. dev.          0.1665  0.1119  0.1056  0.1027  0.0963  0.1035
  weight sum             25     835     368     311     381      80
  precision          0.0006  0.0006  0.0006  0.0006  0.0006  0.0006

w2v-own(48)
  mean              -0.7069 -0.7146 -0.7179 -0.7222 -0.7396 -0.7274
  std. dev.          0.1937  0.1184  0.1086  0.1011  0.0925  0.1059
  weight sum             25     835     368     311     381      80
  precision          0.0006  0.0006  0.0006  0.0006  0.0006  0.0006

w2v-own(49)
  mean              -0.2879 -0.2686 -0.3021 -0.2808 -0.2933 -0.2819
  std. dev.          0.0684  0.0719  0.0715  0.0674  0.0701  0.0572
  weight sum             25     835     368     311     381      80
  precision          0.0004  0.0004  0.0004  0.0004  0.0004  0.0004

w2v-own(50)
  mean              -1.0114 -0.9718   -1.04 -0.9924 -1.0234 -1.0077
  std. dev.           0.188  0.1528  0.1696  0.1365  0.1381  0.1287
  weight sum             25     835     368     311     381      80
  precision          0.0008  0.0008  0.0008  0.0008  0.0008  0.0008

w2v-own(51)
  mean              -0.9416 -0.9201 -0.9401 -0.9252 -0.9597 -0.9474
  std. dev.          0.1735  0.1605  0.1383  0.1437  0.1473  0.1202
  weight sum             25     835     368     311     381      80
  precision          0.0007  0.0007  0.0007  0.0007  0.0007  0.0007

w2v-own(52)
  mean              -0.4264  -0.349 -0.3589  -0.366 -0.3519 -0.3555
  std. dev.          0.3114  0.1445  0.1056  0.1355  0.0844  0.1501
  weight sum             25     835     368     311     381      80
  precision          0.0011  0.0011  0.0011  0.0011  0.0011  0.0011

w2v-own(53)
  mean               0.5527   0.496  0.5244  0.5079  0.5073  0.5103
  std. dev.          0.2084  0.1113  0.1217  0.1046  0.0773  0.1034
  weight sum             25     835     368     311     381      80
  precision          0.0007  0.0007  0.0007  0.0007  0.0007  0.0007

w2v-own(54)
  mean               0.1371  0.1817  0.2136  0.1795  0.1892  0.1557
  std. dev.          0.1454  0.1047  0.0986  0.0915   0.086  0.0764
  weight sum             25     835     368     311     381      80
  precision          0.0008  0.0008  0.0008  0.0008  0.0008  0.0008

w2v-own(55)
  mean              -1.2232 -1.1647 -1.2593 -1.1994 -1.2247 -1.1958
  std. dev.           0.253  0.1985  0.1864  0.1798  0.1703  0.1668
  weight sum             25     835     368     311     381      80
  precision          0.0008  0.0008  0.0008  0.0008  0.0008  0.0008

w2v-own(56)
  mean               0.8685  0.8624  0.9131  0.8644  0.8808  0.8533
  std. dev.          0.1726  0.1525  0.1548  0.1404  0.1376  0.1357
  weight sum             25     835     368     311     381      80
  precision          0.0007  0.0007  0.0007  0.0007  0.0007  0.0007

w2v-own(57)
  mean              -0.0325  0.0036  0.0201  0.0101  0.0168  0.0043
  std. dev.          0.1976  0.0818  0.0586  0.0739  0.0267  0.0814
  weight sum             25     835     368     311     381      80
  precision          0.0006  0.0006  0.0006  0.0006  0.0006  0.0006

w2v-own(58)
  mean               1.1822  1.1303  1.1888  1.1432  1.1682  1.1477
  std. dev.          0.2731  0.1889  0.1738  0.1756  0.1555  0.1678
  weight sum             25     835     368     311     381      80
  precision          0.0008  0.0008  0.0008  0.0008  0.0008  0.0008

w2v-own(59)
  mean              -0.0618 -0.0783  -0.054 -0.0555 -0.0505 -0.0477
  std. dev.          0.0566  0.0804   0.083  0.0782  0.0958  0.0682
  weight sum             25     835     368     311     381      80
  precision          0.0007  0.0007  0.0007  0.0007  0.0007  0.0007

w2v-own(60)
  mean               0.3854  0.3615  0.3766  0.3687  0.3708  0.3559
  std. dev.           0.106  0.0825  0.0934  0.0721  0.0703  0.0666
  weight sum             25     835     368     311     381      80
  precision          0.0005  0.0005  0.0005  0.0005  0.0005  0.0005

w2v-own(61)
  mean               0.4035  0.3296  0.3363  0.3413  0.3296  0.3361
  std. dev.          0.3257  0.1403  0.0958  0.1315   0.063  0.1434
  weight sum             25     835     368     311     381      80
  precision           0.001   0.001   0.001   0.001   0.001   0.001

w2v-own(62)
  mean               0.3974  0.3851  0.4303  0.4143  0.4335  0.4199
  std. dev.          0.0975   0.097  0.0988  0.0891  0.1011  0.0837
  weight sum             25     835     368     311     381      80
  precision          0.0006  0.0006  0.0006  0.0006  0.0006  0.0006

w2v-own(63)
  mean               1.4545  1.3967   1.495  1.4425  1.4809  1.4474
  std. dev.          0.2648  0.2121  0.2109  0.1906  0.1903  0.1899
  weight sum             25     835     368     311     381      80
  precision          0.0009  0.0009  0.0009  0.0009  0.0009  0.0009

w2v-own(64)
  mean               0.4534   0.388  0.3956  0.3944  0.3845  0.3946
  std. dev.          0.2925  0.1348   0.108  0.1255  0.0672  0.1339
  weight sum             25     835     368     311     381      80
  precision          0.0011  0.0011  0.0011  0.0011  0.0011  0.0011

w2v-own(65)
  mean              -0.2724 -0.2533 -0.2462  -0.237 -0.2247 -0.2173
  std. dev.          0.2124   0.114  0.1147  0.1142  0.1007  0.1211
  weight sum             25     835     368     311     381      80
  precision          0.0008  0.0008  0.0008  0.0008  0.0008  0.0008

w2v-own(66)
  mean               0.1156  0.1381  0.1321  0.1262  0.1322  0.1193
  std. dev.          0.0741  0.0663  0.0765  0.0612  0.0655  0.0557
  weight sum             25     835     368     311     381      80
  precision          0.0004  0.0004  0.0004  0.0004  0.0004  0.0004

w2v-own(67)
  mean              -1.3386 -1.3164 -1.3799  -1.327 -1.3496 -1.3142
  std. dev.          0.2465  0.2108  0.1899  0.1913  0.1852  0.1733
  weight sum             25     835     368     311     381      80
  precision          0.0009  0.0009  0.0009  0.0009  0.0009  0.0009

w2v-own(68)
  mean               0.8265  0.7714  0.8029  0.7867  0.7963  0.7867
  std. dev.          0.2147  0.1335  0.1131  0.1244  0.1053  0.1278
  weight sum             25     835     368     311     381      80
  precision          0.0007  0.0007  0.0007  0.0007  0.0007  0.0007

w2v-own(69)
  mean               0.3004  0.3051  0.3152  0.2984  0.3069  0.3057
  std. dev.          0.0822  0.0707   0.066  0.0624  0.0641  0.0531
  weight sum             25     835     368     311     381      80
  precision          0.0003  0.0003  0.0003  0.0003  0.0003  0.0003

w2v-own(70)
  mean               0.6812  0.6609   0.672  0.6742  0.6741  0.6554
  std. dev.          0.1497  0.1048  0.1004  0.0998  0.0956  0.1039
  weight sum             25     835     368     311     381      80
  precision          0.0004  0.0004  0.0004  0.0004  0.0004  0.0004

w2v-own(71)
  mean              -0.8676 -0.7944 -0.8758 -0.8246 -0.8381 -0.8189
  std. dev.           0.259  0.1694  0.1643  0.1553  0.1306  0.1474
  weight sum             25     835     368     311     381      80
  precision          0.0008  0.0008  0.0008  0.0008  0.0008  0.0008

w2v-own(72)
  mean               0.2525  0.2351   0.234  0.2465  0.2487  0.2449
  std. dev.          0.0678  0.0459   0.061  0.0404  0.0391  0.0419
  weight sum             25     835     368     311     381      80
  precision          0.0003  0.0003  0.0003  0.0003  0.0003  0.0003

w2v-own(73)
  mean               0.0639  0.0328 -0.0047  0.0398  0.0251  0.0406
  std. dev.          0.0945  0.1033  0.1126  0.0865  0.0955  0.0653
  weight sum             25     835     368     311     381      80
  precision          0.0007  0.0007  0.0007  0.0007  0.0007  0.0007

w2v-own(74)
  mean              -0.7513 -0.7849  -0.789 -0.7925 -0.8131 -0.7899
  std. dev.          0.2827  0.1559  0.1285  0.1367  0.1172  0.1412
  weight sum             25     835     368     311     381      80
  precision          0.0009  0.0009  0.0009  0.0009  0.0009  0.0009

w2v-own(75)
  mean               0.1018  0.1194   0.137  0.1213  0.1326  0.1253
  std. dev.          0.1235  0.0537  0.0518  0.0486  0.0279  0.0531
  weight sum             25     835     368     311     381      80
  precision          0.0005  0.0005  0.0005  0.0005  0.0005  0.0005

w2v-own(76)
  mean              -0.1922 -0.2502 -0.2255  -0.258 -0.2742 -0.2677
  std. dev.           0.406  0.1689  0.1345  0.1568  0.0603  0.1673
  weight sum             25     835     368     311     381      80
  precision          0.0012  0.0012  0.0012  0.0012  0.0012  0.0012

w2v-own(77)
  mean               1.5172   1.426  1.4755  1.4477  1.4677  1.4567
  std. dev.          0.3885  0.2358  0.1905   0.221  0.1843  0.2151
  weight sum             25     835     368     311     381      80
  precision          0.0012  0.0012  0.0012  0.0012  0.0012  0.0012

w2v-own(78)
  mean               0.5562  0.5149  0.5538  0.5226  0.5223  0.5023
  std. dev.           0.216  0.1202  0.0989  0.1152  0.0887  0.1123
  weight sum             25     835     368     311     381      80
  precision          0.0007  0.0007  0.0007  0.0007  0.0007  0.0007

w2v-own(79)
  mean              -0.6274 -0.5934 -0.6375 -0.6096 -0.6135 -0.6015
  std. dev.          0.1459  0.1034   0.094  0.0977  0.0851  0.0992
  weight sum             25     835     368     311     381      80
  precision          0.0004  0.0004  0.0004  0.0004  0.0004  0.0004

w2v-own(80)
  mean              -0.2477 -0.2119 -0.2503 -0.1994 -0.2087  -0.209
  std. dev.          0.2633  0.1483  0.1414    0.14  0.1106  0.1212
  weight sum             25     835     368     311     381      80
  precision          0.0008  0.0008  0.0008  0.0008  0.0008  0.0008

w2v-own(81)
  mean              -0.2961 -0.3299 -0.3644 -0.3457 -0.3772  -0.356
  std. dev.          0.3135   0.143   0.103  0.1264  0.0683  0.1402
  weight sum             25     835     368     311     381      80
  precision          0.0012  0.0012  0.0012  0.0012  0.0012  0.0012

w2v-own(82)
  mean              -0.5713   -0.47 -0.5065  -0.494 -0.4908 -0.5001
  std. dev.          0.3631  0.1652  0.1393  0.1552  0.0852  0.1656
  weight sum             25     835     368     311     381      80
  precision          0.0011  0.0011  0.0011  0.0011  0.0011  0.0011

w2v-own(83)
  mean               0.2236  0.2607  0.2522  0.2614  0.2785  0.2905
  std. dev.          0.2277  0.1254  0.1346  0.1091  0.0867  0.1017
  weight sum             25     835     368     311     381      80
  precision          0.0009  0.0009  0.0009  0.0009  0.0009  0.0009

w2v-own(84)
  mean              -0.2877  -0.275 -0.3051  -0.289 -0.2901 -0.2742
  std. dev.          0.0712  0.0564  0.0588  0.0583   0.065  0.0647
  weight sum             25     835     368     311     381      80
  precision          0.0002  0.0002  0.0002  0.0002  0.0002  0.0002

w2v-own(85)
  mean               0.6169  0.5221  0.5385  0.5343  0.5512  0.5643
  std. dev.          0.3403  0.1607   0.124  0.1558  0.1025  0.1539
  weight sum             25     835     368     311     381      80
  precision          0.0011  0.0011  0.0011  0.0011  0.0011  0.0011

w2v-own(86)
  mean               0.0346  0.0488 -0.0077   0.032  0.0228  0.0306
  std. dev.          0.0604  0.1123  0.1538   0.095   0.118  0.0732
  weight sum             25     835     368     311     381      80
  precision          0.0009  0.0009  0.0009  0.0009  0.0009  0.0009

w2v-own(87)
  mean               0.1537  0.1616   0.177  0.1542   0.165  0.1558
  std. dev.          0.0699  0.0883   0.084  0.0796  0.0888  0.0625
  weight sum             25     835     368     311     381      80
  precision          0.0004  0.0004  0.0004  0.0004  0.0004  0.0004

w2v-own(88)
  mean               0.4056  0.3234  0.3453  0.3471  0.3453  0.3528
  std. dev.          0.2695  0.1275  0.0922  0.1205  0.0804  0.1246
  weight sum             25     835     368     311     381      80
  precision           0.001   0.001   0.001   0.001   0.001   0.001

w2v-own(89)
  mean              -0.2531 -0.1661 -0.2021 -0.2025 -0.1928 -0.1948
  std. dev.          0.2716  0.1481  0.1217  0.1387  0.1124  0.1358
  weight sum             25     835     368     311     381      80
  precision          0.0012  0.0012  0.0012  0.0012  0.0012  0.0012

w2v-own(90)
  mean              -0.3635 -0.3453 -0.3466 -0.3316 -0.3414 -0.3479
  std. dev.          0.1316  0.1116  0.1099   0.107  0.1047  0.0793
  weight sum             25     835     368     311     381      80
  precision          0.0006  0.0006  0.0006  0.0006  0.0006  0.0006

w2v-own(91)
  mean               0.5602  0.5312  0.5571  0.5557  0.5663  0.5574
  std. dev.          0.1082    0.09  0.0896  0.0781   0.084  0.0777
  weight sum             25     835     368     311     381      80
  precision          0.0004  0.0004  0.0004  0.0004  0.0004  0.0004

w2v-own(92)
  mean              -0.8755 -0.8235  -0.877 -0.8531 -0.8674 -0.8544
  std. dev.          0.2023  0.1451  0.1341  0.1342  0.1321  0.1266
  weight sum             25     835     368     311     381      80
  precision          0.0007  0.0007  0.0007  0.0007  0.0007  0.0007

w2v-own(93)
  mean               2.2748  2.1948  2.3702  2.2379  2.2935  2.2357
  std. dev.          0.4535  0.3637  0.3776  0.3264  0.3078  0.3023
  weight sum             25     835     368     311     381      80
  precision          0.0016  0.0016  0.0016  0.0016  0.0016  0.0016

w2v-own(94)
  mean               0.1003  0.0746  0.0878  0.0788  0.0756  0.0703
  std. dev.          0.1245  0.0652  0.0594  0.0628  0.0513  0.0633
  weight sum             25     835     368     311     381      80
  precision          0.0004  0.0004  0.0004  0.0004  0.0004  0.0004

w2v-own(95)
  mean               0.2265  0.1982  0.1958  0.2127  0.2017  0.2007
  std. dev.          0.0855  0.0796  0.0856  0.0681  0.0698  0.0629
  weight sum             25     835     368     311     381      80
  precision          0.0006  0.0006  0.0006  0.0006  0.0006  0.0006

w2v-own(96)
  mean                1.039  1.0017  1.0589  1.0344  1.0585  1.0414
  std. dev.          0.1865  0.1467   0.151    0.13  0.1368  0.1288
  weight sum             25     835     368     311     381      80
  precision          0.0007  0.0007  0.0007  0.0007  0.0007  0.0007

w2v-own(97)
  mean               0.8724   0.777  0.8217  0.7996  0.8115  0.8115
  std. dev.          0.3578  0.1751  0.1378  0.1673  0.1084  0.1687
  weight sum             25     835     368     311     381      80
  precision          0.0011  0.0011  0.0011  0.0011  0.0011  0.0011

w2v-own(98)
  mean               0.2632  0.2736  0.2796  0.2591  0.2764  0.2772
  std. dev.          0.0725  0.0767  0.0897  0.0665   0.071  0.0553
  weight sum             25     835     368     311     381      80
  precision          0.0004  0.0004  0.0004  0.0004  0.0004  0.0004

w2v-own(99)
  mean               1.0265   0.996  1.0281  1.0058  1.0277  1.0069
  std. dev.           0.194  0.1569  0.1342  0.1454  0.1379  0.1308
  weight sum             25     835     368     311     381      80
  precision          0.0007  0.0007  0.0007  0.0007  0.0007  0.0007

w2v-own(100)
  mean              -0.4387 -0.3533 -0.3862 -0.3649 -0.3604 -0.3658
  std. dev.          0.3706  0.1596  0.1173   0.151  0.0667   0.158
  weight sum             25     835     368     311     381      80
  precision          0.0012  0.0012  0.0012  0.0012  0.0012  0.0012



Time taken to build model: 0.31 seconds

=== Stratified cross-validation ===
=== Summary ===

Correctly Classified Instances         510               25.5    %
Incorrectly Classified Instances      1490               74.5    %
Kappa statistic                          0.0586
Mean absolute error                      0.2482
Root mean squared error                  0.4901
Relative absolute error                101.9883 %
Root relative squared error            140.5445 %
Total Number of Instances             2000     

=== Detailed Accuracy By Class ===

                 TP Rate  FP Rate  Precision  Recall   F-Measure  MCC      ROC Area  PRC Area  Class
                 0,000    0,027    0,000      0,000    0,000      -0,019   0,458     0,012     1
                 0,190    0,118    0,535      0,190    0,281      0,100    0,596     0,495     2
                 0,242    0,095    0,365      0,242    0,291      0,174    0,608     0,306     3
                 0,013    0,018    0,118      0,013    0,023      -0,014   0,494     0,150     4
                 0,667    0,613    0,204      0,667    0,312      0,044    0,540     0,204     5
                 0,050    0,063    0,032      0,050    0,039      -0,011   0,532     0,043     6
Weighted Avg.    0,255    0,189    0,349      0,255    0,235      0,079    0,567     0,327     

=== Confusion Matrix ===

   a   b   c   d   e   f   <-- classified as
   0   4   3   2  15   1 |   a = 1
  30 159  77  20 492  57 |   b = 2
   5  40  89   4 209  21 |   c = 3
   7  43  22   4 216  19 |   d = 4
  11  41  49   3 254  23 |   e = 5
   1  10   4   1  60   4 |   f = 6

