=== Run information ===

Scheme:       weka.classifiers.bayes.NaiveBayes 
Relation:     comment-move-2
Instances:    2000
Attributes:   302
              [list of attributes omitted]
Test mode:    10-fold cross-validation

=== Classifier model (full training set) ===

Naive Bayes Classifier

                        Class
Attribute                   1       2       3       4       5       6
                       (0.01)  (0.42)  (0.18)  (0.16)  (0.19)  (0.04)
======================================================================
number_of_tokens
  mean                       6  6.4766  6.3261  6.4373  5.8215   6.025
  std. dev.             1.8762  1.7144  1.8378  1.7882  1.7098    1.62
  weight sum                25     835     368     311     381      80
  precision                  1       1       1       1       1       1

w2v-pretrained(1)
  mean                  0.1105  0.1838  0.1477  0.2149  0.2836  0.3209
  std. dev.             0.5456  0.3841  0.3703  0.3995  0.4325  0.3214
  weight sum                25     835     368     311     381      80
  precision             0.0022  0.0022  0.0022  0.0022  0.0022  0.0022

w2v-pretrained(2)
  mean                  0.0811   0.145  0.1652  0.2155  0.1463  0.1697
  std. dev.             0.4275  0.3448  0.3306  0.3822  0.3893  0.3156
  weight sum                25     835     368     311     381      80
  precision             0.0026  0.0026  0.0026  0.0026  0.0026  0.0026

w2v-pretrained(3)
  mean                  0.0004  0.0768  0.0797  0.1458   0.125   0.156
  std. dev.             0.4084  0.3737  0.3733  0.3621    0.35  0.3367
  weight sum                25     835     368     311     381      80
  precision             0.0024  0.0024  0.0024  0.0024  0.0024  0.0024

w2v-pretrained(4)
  mean                  0.4153  0.3463  0.4568  0.4235  0.3804  0.3926
  std. dev.             0.4335  0.3929  0.3884  0.4229   0.411  0.3123
  weight sum                25     835     368     311     381      80
  precision             0.0024  0.0024  0.0024  0.0024  0.0024  0.0024

w2v-pretrained(5)
  mean                   0.014 -0.2606 -0.3115 -0.4134 -0.3889 -0.3933
  std. dev.              0.387  0.4023   0.365  0.4209  0.3909  0.3647
  weight sum                25     835     368     311     381      80
  precision              0.002   0.002   0.002   0.002   0.002   0.002

w2v-pretrained(6)
  mean                 -0.0059 -0.0097  0.0507  0.1079   0.107  0.0275
  std. dev.             0.4668  0.3867  0.3543  0.3846  0.4523  0.3741
  weight sum                25     835     368     311     381      80
  precision              0.002   0.002   0.002   0.002   0.002   0.002

w2v-pretrained(7)
  mean                 -0.0138  0.1891  0.3418  0.3885  0.3441    0.29
  std. dev.             0.5777  0.4162  0.4604  0.3919   0.395  0.3595
  weight sum                25     835     368     311     381      80
  precision             0.0019  0.0019  0.0019  0.0019  0.0019  0.0019

w2v-pretrained(8)
  mean                 -0.5251 -0.3506 -0.3319  -0.296 -0.4097 -0.5101
  std. dev.             0.4012  0.3812  0.4099  0.4058  0.4126  0.3229
  weight sum                25     835     368     311     381      80
  precision             0.0017  0.0017  0.0017  0.0017  0.0017  0.0017

w2v-pretrained(9)
  mean                  0.3561  0.3836  0.3357  0.4292  0.3995  0.4718
  std. dev.             0.3767  0.3658  0.3451  0.3859  0.3635  0.3734
  weight sum                25     835     368     311     381      80
  precision             0.0016  0.0016  0.0016  0.0016  0.0016  0.0016

w2v-pretrained(10)
  mean                  0.4419  0.3732  0.3342  0.4339   0.517  0.5651
  std. dev.             0.8253  0.3817  0.3502  0.4153  0.4398  0.3791
  weight sum                25     835     368     311     381      80
  precision             0.0032  0.0032  0.0032  0.0032  0.0032  0.0032

w2v-pretrained(11)
  mean                 -0.3416 -0.2738 -0.2813 -0.2223 -0.2487 -0.2439
  std. dev.             0.3722  0.3416  0.3537  0.3735  0.3433  0.2571
  weight sum                25     835     368     311     381      80
  precision             0.0017  0.0017  0.0017  0.0017  0.0017  0.0017

w2v-pretrained(12)
  mean                 -0.4975 -0.4187 -0.4584 -0.5139 -0.5872 -0.6908
  std. dev.             0.6416  0.3862  0.3501  0.3885  0.4099  0.4014
  weight sum                25     835     368     311     381      80
  precision              0.002   0.002   0.002   0.002   0.002   0.002

w2v-pretrained(13)
  mean                 -0.1843 -0.1006 -0.0283 -0.0804 -0.0719 -0.1439
  std. dev.             0.5062   0.407  0.4139  0.3417  0.3227  0.3108
  weight sum                25     835     368     311     381      80
  precision             0.0022  0.0022  0.0022  0.0022  0.0022  0.0022

w2v-pretrained(14)
  mean                  0.0467  0.2579  0.2008  0.1595  0.2968  0.3263
  std. dev.             0.5304  0.4383  0.4298  0.4394  0.4783  0.4185
  weight sum                25     835     368     311     381      80
  precision             0.0025  0.0025  0.0025  0.0025  0.0025  0.0025

w2v-pretrained(15)
  mean                 -0.4113 -0.5192 -0.5622 -0.5843 -0.5628 -0.5145
  std. dev.               0.44  0.3559  0.3664  0.3496  0.3339  0.3313
  weight sum                25     835     368     311     381      80
  precision              0.002   0.002   0.002   0.002   0.002   0.002

w2v-pretrained(16)
  mean                  0.5111  0.2873  0.2888  0.3524  0.3274  0.4117
  std. dev.             0.5729  0.4154  0.3876  0.3822  0.4011  0.4566
  weight sum                25     835     368     311     381      80
  precision              0.002   0.002   0.002   0.002   0.002   0.002

w2v-pretrained(17)
  mean                  0.5739  0.2674  0.2731  0.3446  0.3812  0.4569
  std. dev.             0.4428  0.4249   0.366  0.3625  0.3838  0.3748
  weight sum                25     835     368     311     381      80
  precision             0.0021  0.0021  0.0021  0.0021  0.0021  0.0021

w2v-pretrained(18)
  mean                  0.5004  0.4583  0.4736  0.3885  0.3909  0.2845
  std. dev.             0.5845  0.4082  0.4366  0.3934  0.3806  0.3298
  weight sum                25     835     368     311     381      80
  precision             0.0018  0.0018  0.0018  0.0018  0.0018  0.0018

w2v-pretrained(19)
  mean                  0.0173 -0.0054  0.0505 -0.0088  0.0674  0.0271
  std. dev.             0.4383  0.3726  0.3534  0.3562  0.3594  0.3026
  weight sum                25     835     368     311     381      80
  precision             0.0021  0.0021  0.0021  0.0021  0.0021  0.0021

w2v-pretrained(20)
  mean                  -0.291 -0.3554 -0.2224  -0.366 -0.4268 -0.5242
  std. dev.             0.4797  0.3945  0.3661  0.3431  0.3781   0.362
  weight sum                25     835     368     311     381      80
  precision             0.0027  0.0027  0.0027  0.0027  0.0027  0.0027

w2v-pretrained(21)
  mean                  0.0056  0.0452 -0.0007  0.0377  0.0324  0.1815
  std. dev.             0.4321  0.4241  0.4087  0.4473  0.4065  0.4054
  weight sum                25     835     368     311     381      80
  precision             0.0023  0.0023  0.0023  0.0023  0.0023  0.0023

w2v-pretrained(22)
  mean                  0.2018  0.1911  0.1021  0.0622  0.1059  0.2111
  std. dev.             0.4987  0.4149  0.3888  0.4299  0.3985   0.405
  weight sum                25     835     368     311     381      80
  precision             0.0017  0.0017  0.0017  0.0017  0.0017  0.0017

w2v-pretrained(23)
  mean                  0.2743  0.2258  0.0439  0.1906  0.2948  0.4266
  std. dev.             0.3798  0.4899  0.4572  0.4148  0.4782  0.4868
  weight sum                25     835     368     311     381      80
  precision             0.0024  0.0024  0.0024  0.0024  0.0024  0.0024

w2v-pretrained(24)
  mean                  0.0224 -0.0334  0.0069  0.0494  0.0805  0.0147
  std. dev.             0.4458  0.3814  0.3248  0.3445  0.3686  0.3083
  weight sum                25     835     368     311     381      80
  precision             0.0017  0.0017  0.0017  0.0017  0.0017  0.0017

w2v-pretrained(25)
  mean                  0.2634  0.1752   0.081  0.2195  0.3196  0.4627
  std. dev.             0.4928  0.3823  0.3698  0.3862  0.4242  0.4453
  weight sum                25     835     368     311     381      80
  precision             0.0022  0.0022  0.0022  0.0022  0.0022  0.0022

w2v-pretrained(26)
  mean                 -0.0824  -0.006 -0.0407  0.0081  0.0554  0.1422
  std. dev.             0.4393  0.3742   0.342  0.3901  0.3728  0.3827
  weight sum                25     835     368     311     381      80
  precision             0.0019  0.0019  0.0019  0.0019  0.0019  0.0019

w2v-pretrained(27)
  mean                 -0.5565 -0.5102 -0.4269 -0.3954 -0.3692 -0.2896
  std. dev.             0.5583  0.4192  0.4571  0.3842  0.3974  0.3717
  weight sum                25     835     368     311     381      80
  precision              0.002   0.002   0.002   0.002   0.002   0.002

w2v-pretrained(28)
  mean                  0.3614  0.1292  0.2095  0.1507  0.1035  0.0424
  std. dev.             0.4276  0.3903  0.4116  0.3572  0.4121  0.4094
  weight sum                25     835     368     311     381      80
  precision              0.002   0.002   0.002   0.002   0.002   0.002

w2v-pretrained(29)
  mean                  0.1675  0.1534  0.1154  0.1956   0.202  0.1162
  std. dev.             0.4258  0.3493  0.3237  0.3405  0.3976  0.3594
  weight sum                25     835     368     311     381      80
  precision             0.0019  0.0019  0.0019  0.0019  0.0019  0.0019

w2v-pretrained(30)
  mean                  0.0222  0.0727  0.1046  0.1336   0.122  0.0136
  std. dev.             0.3669  0.3774  0.4259  0.3697  0.3665  0.3817
  weight sum                25     835     368     311     381      80
  precision             0.0023  0.0023  0.0023  0.0023  0.0023  0.0023

w2v-pretrained(31)
  mean                 -0.0525 -0.0224 -0.0477 -0.0604 -0.0914 -0.1927
  std. dev.             0.4853  0.4087  0.3972  0.3602  0.4023  0.4572
  weight sum                25     835     368     311     381      80
  precision             0.0029  0.0029  0.0029  0.0029  0.0029  0.0029

w2v-pretrained(32)
  mean                  0.2715  0.0759  0.1137  0.1003  0.0964  0.1256
  std. dev.             0.3883  0.4095  0.4001  0.3857  0.3954   0.322
  weight sum                25     835     368     311     381      80
  precision              0.003   0.003   0.003   0.003   0.003   0.003

w2v-pretrained(33)
  mean                  -0.009 -0.0961 -0.0956 -0.1188 -0.2083 -0.1425
  std. dev.             0.6011  0.3872  0.3654  0.4021  0.3992  0.3187
  weight sum                25     835     368     311     381      80
  precision             0.0022  0.0022  0.0022  0.0022  0.0022  0.0022

w2v-pretrained(34)
  mean                  -0.065 -0.0447 -0.1294 -0.1475 -0.0713 -0.0816
  std. dev.             0.3742  0.3593  0.3373  0.3935  0.3961  0.2928
  weight sum                25     835     368     311     381      80
  precision             0.0019  0.0019  0.0019  0.0019  0.0019  0.0019

w2v-pretrained(35)
  mean                 -0.0935 -0.0047  0.0936  0.0201  0.1361  0.1264
  std. dev.             0.6958  0.4586  0.4869  0.4171  0.4162  0.3633
  weight sum                25     835     368     311     381      80
  precision             0.0021  0.0021  0.0021  0.0021  0.0021  0.0021

w2v-pretrained(36)
  mean                 -0.0677  0.0052 -0.0436 -0.1083 -0.0508  0.0988
  std. dev.             0.2977  0.3758  0.3829  0.3559  0.3374  0.3132
  weight sum                25     835     368     311     381      80
  precision             0.0016  0.0016  0.0016  0.0016  0.0016  0.0016

w2v-pretrained(37)
  mean                 -0.1456  0.0329  0.1163  0.1418  0.0354   0.025
  std. dev.              0.422  0.3602  0.3847   0.346   0.359   0.407
  weight sum                25     835     368     311     381      80
  precision             0.0019  0.0019  0.0019  0.0019  0.0019  0.0019

w2v-pretrained(38)
  mean                  0.2498  0.0841  0.0599  0.1027  0.1119  0.1313
  std. dev.             0.7044  0.4502  0.4716  0.3569  0.4149  0.3805
  weight sum                25     835     368     311     381      80
  precision             0.0024  0.0024  0.0024  0.0024  0.0024  0.0024

w2v-pretrained(39)
  mean                  0.0046  0.1824   0.256  0.2139   0.226  0.2042
  std. dev.             0.4862  0.3261  0.3407  0.3399  0.3557  0.2782
  weight sum                25     835     368     311     381      80
  precision             0.0015  0.0015  0.0015  0.0015  0.0015  0.0015

w2v-pretrained(40)
  mean                  0.1067  0.2397  0.1867  0.2017  0.2216  0.1885
  std. dev.             0.5411  0.4199  0.4436  0.3847  0.3941  0.3833
  weight sum                25     835     368     311     381      80
  precision             0.0018  0.0018  0.0018  0.0018  0.0018  0.0018

w2v-pretrained(41)
  mean                  0.5916  0.5775  0.6447  0.6708  0.6444  0.6136
  std. dev.             0.4232  0.4003  0.3851  0.4123  0.4114  0.3769
  weight sum                25     835     368     311     381      80
  precision             0.0022  0.0022  0.0022  0.0022  0.0022  0.0022

w2v-pretrained(42)
  mean                 -0.3425 -0.1955 -0.1876 -0.1575 -0.2603  -0.395
  std. dev.             0.4601  0.3772  0.3347  0.3923  0.4274  0.4001
  weight sum                25     835     368     311     381      80
  precision             0.0024  0.0024  0.0024  0.0024  0.0024  0.0024

w2v-pretrained(43)
  mean                  0.7677  0.5987  0.4989  0.6601  0.7061  0.9107
  std. dev.             0.5257  0.4622  0.4484  0.4405  0.4794  0.5359
  weight sum                25     835     368     311     381      80
  precision             0.0025  0.0025  0.0025  0.0025  0.0025  0.0025

w2v-pretrained(44)
  mean                  0.1437 -0.1133 -0.1076 -0.2063 -0.2869 -0.5518
  std. dev.             0.4286  0.3791  0.3968  0.3891  0.4221  0.5894
  weight sum                25     835     368     311     381      80
  precision             0.0025  0.0025  0.0025  0.0025  0.0025  0.0025

w2v-pretrained(45)
  mean                 -0.0237 -0.2131 -0.2977 -0.2293 -0.1767 -0.2233
  std. dev.              0.413  0.3564  0.3571  0.3611  0.3732  0.3631
  weight sum                25     835     368     311     381      80
  precision             0.0019  0.0019  0.0019  0.0019  0.0019  0.0019

w2v-pretrained(46)
  mean                 -0.3722 -0.2273  -0.247 -0.2781 -0.2488 -0.2001
  std. dev.             0.5225  0.4016  0.3836  0.3771  0.3832  0.3574
  weight sum                25     835     368     311     381      80
  precision             0.0017  0.0017  0.0017  0.0017  0.0017  0.0017

w2v-pretrained(47)
  mean                 -0.1548 -0.0914 -0.0588 -0.1827 -0.1614 -0.1324
  std. dev.              0.426  0.3623  0.3822  0.3795  0.3087  0.3062
  weight sum                25     835     368     311     381      80
  precision             0.0018  0.0018  0.0018  0.0018  0.0018  0.0018

w2v-pretrained(48)
  mean                 -0.1822 -0.0686 -0.0125  0.0803 -0.0224  0.0323
  std. dev.             0.4053  0.3845  0.3863  0.4333  0.4175  0.3068
  weight sum                25     835     368     311     381      80
  precision             0.0022  0.0022  0.0022  0.0022  0.0022  0.0022

w2v-pretrained(49)
  mean                  0.2374  0.0529  0.0055  0.0177   0.035 -0.0604
  std. dev.             0.5237  0.3755  0.3614   0.451   0.467  0.4616
  weight sum                25     835     368     311     381      80
  precision             0.0022  0.0022  0.0022  0.0022  0.0022  0.0022

w2v-pretrained(50)
  mean                  0.2082  0.1554  0.0456  0.0963   0.149  0.1014
  std. dev.             0.6669  0.3806  0.3917  0.3988  0.4016  0.3256
  weight sum                25     835     368     311     381      80
  precision              0.002   0.002   0.002   0.002   0.002   0.002

w2v-pretrained(51)
  mean                 -0.0927  0.0095  0.0613 -0.0003 -0.0382  -0.152
  std. dev.             0.5538  0.4291  0.4137  0.3946  0.4574  0.3839
  weight sum                25     835     368     311     381      80
  precision             0.0019  0.0019  0.0019  0.0019  0.0019  0.0019

w2v-pretrained(52)
  mean                  0.6108  0.3892  0.3454  0.3365  0.3439  0.4776
  std. dev.             0.5574  0.4006   0.436  0.3998  0.4417  0.4319
  weight sum                25     835     368     311     381      80
  precision             0.0017  0.0017  0.0017  0.0017  0.0017  0.0017

w2v-pretrained(53)
  mean                  0.0887 -0.0423 -0.0792 -0.0057  0.0288  0.1716
  std. dev.             0.4108  0.3355  0.3493  0.3629  0.3859  0.4535
  weight sum                25     835     368     311     381      80
  precision             0.0018  0.0018  0.0018  0.0018  0.0018  0.0018

w2v-pretrained(54)
  mean                 -0.0916 -0.1743 -0.1716 -0.2363 -0.1865 -0.2338
  std. dev.             0.3789  0.4026  0.3463  0.4036  0.3985  0.3434
  weight sum                25     835     368     311     381      80
  precision             0.0023  0.0023  0.0023  0.0023  0.0023  0.0023

w2v-pretrained(55)
  mean                 -0.1311 -0.1221 -0.1339 -0.1518 -0.2059 -0.3095
  std. dev.             0.4178  0.4091  0.4188  0.3877  0.3892  0.4047
  weight sum                25     835     368     311     381      80
  precision             0.0017  0.0017  0.0017  0.0017  0.0017  0.0017

w2v-pretrained(56)
  mean                   0.175  0.1998  0.2943  0.1988  0.1453 -0.0008
  std. dev.             0.4981  0.3424  0.3795   0.364  0.3671  0.3939
  weight sum                25     835     368     311     381      80
  precision             0.0021  0.0021  0.0021  0.0021  0.0021  0.0021

w2v-pretrained(57)
  mean                 -0.1436 -0.1679 -0.1889 -0.1137 -0.0793 -0.0771
  std. dev.             0.4374  0.3807  0.3674  0.4107   0.449  0.3409
  weight sum                25     835     368     311     381      80
  precision             0.0023  0.0023  0.0023  0.0023  0.0023  0.0023

w2v-pretrained(58)
  mean                 -0.6632 -0.4827 -0.4383 -0.4477 -0.4014 -0.3618
  std. dev.             0.3971  0.3798  0.4074  0.3752  0.3687  0.3574
  weight sum                25     835     368     311     381      80
  precision             0.0016  0.0016  0.0016  0.0016  0.0016  0.0016

w2v-pretrained(59)
  mean                  0.1744  0.1543  0.2092  0.2183  0.2193  0.1982
  std. dev.             0.4111   0.348  0.3311  0.3594   0.364  0.2866
  weight sum                25     835     368     311     381      80
  precision             0.0016  0.0016  0.0016  0.0016  0.0016  0.0016

w2v-pretrained(60)
  mean                 -0.5423 -0.4498 -0.4123 -0.3812 -0.4046 -0.4034
  std. dev.             0.4835  0.3451  0.3863  0.3625  0.3161   0.266
  weight sum                25     835     368     311     381      80
  precision              0.002   0.002   0.002   0.002   0.002   0.002

w2v-pretrained(61)
  mean                 -0.3233 -0.2564 -0.2799 -0.1805 -0.1536 -0.0488
  std. dev.             0.4711  0.4138  0.3701   0.366  0.4021  0.3954
  weight sum                25     835     368     311     381      80
  precision             0.0021  0.0021  0.0021  0.0021  0.0021  0.0021

w2v-pretrained(62)
  mean                  0.2033  0.2455  0.2518  0.2923  0.3104  0.3946
  std. dev.             0.5455  0.4055  0.4306  0.3615  0.4006  0.4954
  weight sum                25     835     368     311     381      80
  precision             0.0025  0.0025  0.0025  0.0025  0.0025  0.0025

w2v-pretrained(63)
  mean                 -0.4645 -0.4448  -0.445 -0.4298   -0.41 -0.3364
  std. dev.             0.4512  0.3753  0.4138  0.3696  0.4087    0.33
  weight sum                25     835     368     311     381      80
  precision             0.0016  0.0016  0.0016  0.0016  0.0016  0.0016

w2v-pretrained(64)
  mean                 -0.5336 -0.3732 -0.3383 -0.3592 -0.3901 -0.4487
  std. dev.             0.4097   0.373  0.4269  0.3685   0.401  0.3469
  weight sum                25     835     368     311     381      80
  precision             0.0021  0.0021  0.0021  0.0021  0.0021  0.0021

w2v-pretrained(65)
  mean                 -0.0361 -0.0867 -0.0966  -0.109  -0.124 -0.1849
  std. dev.             0.2918  0.3458  0.3368  0.3638  0.3591  0.3206
  weight sum                25     835     368     311     381      80
  precision             0.0017  0.0017  0.0017  0.0017  0.0017  0.0017

w2v-pretrained(66)
  mean                 -0.1887 -0.0546  -0.078 -0.0784 -0.1215 -0.1565
  std. dev.             0.5875  0.4235  0.3526  0.4026  0.3635  0.3872
  weight sum                25     835     368     311     381      80
  precision             0.0024  0.0024  0.0024  0.0024  0.0024  0.0024

w2v-pretrained(67)
  mean                 -0.1838  -0.135 -0.2574 -0.1986 -0.0728  0.0147
  std. dev.             0.4955  0.3933   0.395  0.3519  0.3597  0.2837
  weight sum                25     835     368     311     381      80
  precision             0.0018  0.0018  0.0018  0.0018  0.0018  0.0018

w2v-pretrained(68)
  mean                  0.1253  0.3319  0.3898  0.4804  0.4968  0.4991
  std. dev.             0.5819  0.4334  0.4103  0.4127  0.3692  0.3348
  weight sum                25     835     368     311     381      80
  precision             0.0018  0.0018  0.0018  0.0018  0.0018  0.0018

w2v-pretrained(69)
  mean                 -0.2321  -0.244 -0.3423 -0.3894 -0.3681 -0.3732
  std. dev.             0.5356  0.4162  0.4169  0.4521  0.4341  0.4925
  weight sum                25     835     368     311     381      80
  precision             0.0022  0.0022  0.0022  0.0022  0.0022  0.0022

w2v-pretrained(70)
  mean                  0.8157  0.5728  0.4808  0.4417  0.4742  0.4671
  std. dev.             0.4039  0.4249  0.3875  0.4123  0.4122  0.4637
  weight sum                25     835     368     311     381      80
  precision             0.0025  0.0025  0.0025  0.0025  0.0025  0.0025

w2v-pretrained(71)
  mean                  0.0869  0.1772  0.1503  0.1835  0.0594  0.0617
  std. dev.             0.4422  0.3728  0.3658  0.3527    0.41  0.3238
  weight sum                25     835     368     311     381      80
  precision             0.0022  0.0022  0.0022  0.0022  0.0022  0.0022

w2v-pretrained(72)
  mean                  0.1113  0.1119  0.1261  0.1164  0.0783 -0.0076
  std. dev.             0.5687  0.3732  0.3556  0.3742   0.356  0.3366
  weight sum                25     835     368     311     381      80
  precision              0.002   0.002   0.002   0.002   0.002   0.002

w2v-pretrained(73)
  mean                  0.3593  0.4459  0.5382  0.4052  0.3684  0.2501
  std. dev.              0.449  0.3606  0.3712  0.3755  0.4141  0.4157
  weight sum                25     835     368     311     381      80
  precision             0.0019  0.0019  0.0019  0.0019  0.0019  0.0019

w2v-pretrained(74)
  mean                 -0.0343 -0.0838  0.0489 -0.0369  0.0085  -0.074
  std. dev.             0.4203  0.3857  0.3732  0.3622  0.4168  0.3884
  weight sum                25     835     368     311     381      80
  precision             0.0019  0.0019  0.0019  0.0019  0.0019  0.0019

w2v-pretrained(75)
  mean                  -0.508 -0.5573 -0.6057 -0.5917 -0.5729 -0.5938
  std. dev.             0.4247  0.3762  0.3711  0.4127  0.4069     0.4
  weight sum                25     835     368     311     381      80
  precision              0.002   0.002   0.002   0.002   0.002   0.002

w2v-pretrained(76)
  mean                 -0.3396 -0.3701 -0.3275 -0.3371 -0.2484 -0.2349
  std. dev.             0.4328  0.4088  0.3858  0.4341  0.5014  0.5124
  weight sum                25     835     368     311     381      80
  precision             0.0019  0.0019  0.0019  0.0019  0.0019  0.0019

w2v-pretrained(77)
  mean                  0.2505  0.4037  0.4058  0.4428   0.424  0.4737
  std. dev.             0.4657  0.3539  0.3356  0.3334  0.3904  0.3361
  weight sum                25     835     368     311     381      80
  precision             0.0019  0.0019  0.0019  0.0019  0.0019  0.0019

w2v-pretrained(78)
  mean                  0.2447   0.369  0.4522  0.4641  0.4232  0.3182
  std. dev.             0.4246  0.3766  0.3521  0.3556  0.3601   0.317
  weight sum                25     835     368     311     381      80
  precision             0.0018  0.0018  0.0018  0.0018  0.0018  0.0018

w2v-pretrained(79)
  mean                 -0.0425  0.0927  0.1574  0.1945  0.1808  0.0892
  std. dev.             0.2959  0.3314  0.3461  0.3185  0.3344  0.3201
  weight sum                25     835     368     311     381      80
  precision             0.0014  0.0014  0.0014  0.0014  0.0014  0.0014

w2v-pretrained(80)
  mean                  0.1913  0.4351  0.4892  0.5934  0.5667  0.5337
  std. dev.             0.4844  0.4389  0.4253  0.4571  0.3789  0.2705
  weight sum                25     835     368     311     381      80
  precision             0.0023  0.0023  0.0023  0.0023  0.0023  0.0023

w2v-pretrained(81)
  mean                   0.086  0.1168   0.146   0.095  0.0268  0.0087
  std. dev.             0.5758  0.3631  0.3766  0.3477  0.4043  0.3557
  weight sum                25     835     368     311     381      80
  precision             0.0021  0.0021  0.0021  0.0021  0.0021  0.0021

w2v-pretrained(82)
  mean                 -0.1828 -0.1804 -0.0726 -0.1339 -0.1848  -0.217
  std. dev.             0.4903  0.3836  0.4832  0.3852  0.3914  0.2881
  weight sum                25     835     368     311     381      80
  precision             0.0019  0.0019  0.0019  0.0019  0.0019  0.0019

w2v-pretrained(83)
  mean                  0.2708   0.206   0.209  0.2354  0.2306  0.2829
  std. dev.             0.2962  0.3813   0.315  0.3362  0.3453  0.2997
  weight sum                25     835     368     311     381      80
  precision              0.002   0.002   0.002   0.002   0.002   0.002

w2v-pretrained(84)
  mean                 -0.0536  0.0302  0.0517 -0.0274 -0.0337 -0.0443
  std. dev.             0.4924  0.3462  0.3184  0.3536   0.364  0.2494
  weight sum                25     835     368     311     381      80
  precision             0.0016  0.0016  0.0016  0.0016  0.0016  0.0016

w2v-pretrained(85)
  mean                   0.076  0.0387 -0.0509  0.0099  0.0936  0.1798
  std. dev.             0.6275  0.4628  0.5019   0.428   0.437  0.4518
  weight sum                25     835     368     311     381      80
  precision             0.0022  0.0022  0.0022  0.0022  0.0022  0.0022

w2v-pretrained(86)
  mean                 -0.0072 -0.1563 -0.2344 -0.2721 -0.3315 -0.4158
  std. dev.             0.5881  0.3708  0.4262  0.3929  0.4481   0.459
  weight sum                25     835     368     311     381      80
  precision             0.0023  0.0023  0.0023  0.0023  0.0023  0.0023

w2v-pretrained(87)
  mean                 -0.2814 -0.4131 -0.4647 -0.3903 -0.3844 -0.3843
  std. dev.             0.4198  0.3692  0.3701  0.3477  0.3768  0.3679
  weight sum                25     835     368     311     381      80
  precision              0.002   0.002   0.002   0.002   0.002   0.002

w2v-pretrained(88)
  mean                  0.4978  0.4948  0.5098   0.579  0.5806  0.5411
  std. dev.             0.5245  0.3775  0.3522  0.4011  0.4513  0.3946
  weight sum                25     835     368     311     381      80
  precision              0.002   0.002   0.002   0.002   0.002   0.002

w2v-pretrained(89)
  mean                  0.0502  0.1306   0.142   0.086   0.067  0.0137
  std. dev.              0.746  0.4264    0.41  0.4399  0.4383  0.4061
  weight sum                25     835     368     311     381      80
  precision             0.0023  0.0023  0.0023  0.0023  0.0023  0.0023

w2v-pretrained(90)
  mean                  0.3288  0.1456  0.1547  0.0653 -0.0503 -0.1584
  std. dev.             0.4384  0.3562  0.3372  0.3241  0.3827   0.335
  weight sum                25     835     368     311     381      80
  precision             0.0017  0.0017  0.0017  0.0017  0.0017  0.0017

w2v-pretrained(91)
  mean                  0.0557  0.1343  0.2678  0.2549  0.2037  0.2902
  std. dev.             0.4396  0.4162  0.3993   0.372  0.3785  0.3944
  weight sum                25     835     368     311     381      80
  precision             0.0024  0.0024  0.0024  0.0024  0.0024  0.0024

w2v-pretrained(92)
  mean                  0.2024  0.0636   0.062  0.0693  0.0396  0.0939
  std. dev.             0.4598  0.4167  0.4169  0.3615  0.4427  0.4145
  weight sum                25     835     368     311     381      80
  precision              0.002   0.002   0.002   0.002   0.002   0.002

w2v-pretrained(93)
  mean                 -0.4194 -0.3833 -0.4022 -0.3866 -0.2862  -0.293
  std. dev.             0.3807  0.3734  0.3624  0.3593  0.3723  0.3496
  weight sum                25     835     368     311     381      80
  precision             0.0021  0.0021  0.0021  0.0021  0.0021  0.0021

w2v-pretrained(94)
  mean                 -0.0296 -0.2307 -0.3371 -0.3484 -0.2665 -0.2624
  std. dev.             0.6373  0.4423  0.3688  0.3798  0.4221  0.3433
  weight sum                25     835     368     311     381      80
  precision             0.0022  0.0022  0.0022  0.0022  0.0022  0.0022

w2v-pretrained(95)
  mean                  0.1922  0.0589  0.0932  0.0991  0.0778 -0.0503
  std. dev.             0.6113  0.3679  0.3735  0.3911  0.3908  0.3494
  weight sum                25     835     368     311     381      80
  precision             0.0019  0.0019  0.0019  0.0019  0.0019  0.0019

w2v-pretrained(96)
  mean                 -0.3563  -0.382 -0.4634 -0.3656  -0.459 -0.4412
  std. dev.             0.4374  0.3987   0.389  0.4207  0.4471  0.3919
  weight sum                25     835     368     311     381      80
  precision             0.0025  0.0025  0.0025  0.0025  0.0025  0.0025

w2v-pretrained(97)
  mean                  0.0578  0.0749  0.0557  0.1225  0.1487  0.0945
  std. dev.             0.4958  0.3638  0.3486  0.3699  0.3779  0.3353
  weight sum                25     835     368     311     381      80
  precision             0.0021  0.0021  0.0021  0.0021  0.0021  0.0021

w2v-pretrained(98)
  mean                  0.0637  0.1129  0.2094  0.2495  0.2646  0.3324
  std. dev.             0.4954  0.4035  0.4082  0.4017  0.3929  0.4212
  weight sum                25     835     368     311     381      80
  precision              0.002   0.002   0.002   0.002   0.002   0.002

w2v-pretrained(99)
  mean                  0.1103 -0.0228  0.0148 -0.0572 -0.0352  0.1202
  std. dev.             0.4877  0.4013  0.3991  0.4139  0.4095  0.3807
  weight sum                25     835     368     311     381      80
  precision             0.0021  0.0021  0.0021  0.0021  0.0021  0.0021

w2v-pretrained(100)
  mean                 -0.0182 -0.0334 -0.0367 -0.0413 -0.1318 -0.0373
  std. dev.             0.3657  0.3582  0.3553   0.388  0.3823  0.3329
  weight sum                25     835     368     311     381      80
  precision             0.0019  0.0019  0.0019  0.0019  0.0019  0.0019

w2v-pretrained(101)
  mean                 -0.2169 -0.2081 -0.1596 -0.0841 -0.0782 -0.0538
  std. dev.             0.5538  0.3526  0.3124  0.3546  0.3573   0.355
  weight sum                25     835     368     311     381      80
  precision             0.0018  0.0018  0.0018  0.0018  0.0018  0.0018

w2v-pretrained(102)
  mean                 -0.1924 -0.1823 -0.1623 -0.1119 -0.1897 -0.0771
  std. dev.             0.5246  0.3566  0.3483  0.3463  0.3577  0.3634
  weight sum                25     835     368     311     381      80
  precision              0.002   0.002   0.002   0.002   0.002   0.002

w2v-pretrained(103)
  mean                  0.1066  0.0372  0.0567  0.0953   0.114  0.1675
  std. dev.             0.4464  0.3531  0.3561  0.3169  0.3343  0.3645
  weight sum                25     835     368     311     381      80
  precision             0.0016  0.0016  0.0016  0.0016  0.0016  0.0016

w2v-pretrained(104)
  mean                 -0.0818 -0.0111  0.0295  0.0494  0.0771  0.0245
  std. dev.             0.2805  0.3585  0.3429  0.3379  0.3653  0.2998
  weight sum                25     835     368     311     381      80
  precision             0.0016  0.0016  0.0016  0.0016  0.0016  0.0016

w2v-pretrained(105)
  mean                 -0.2717 -0.2724 -0.2313 -0.2449 -0.2164 -0.1451
  std. dev.             0.5453  0.3819  0.3401  0.3934  0.4012  0.3508
  weight sum                25     835     368     311     381      80
  precision             0.0028  0.0028  0.0028  0.0028  0.0028  0.0028

w2v-pretrained(106)
  mean                 -0.1342 -0.2203 -0.2211 -0.1884 -0.2021  -0.155
  std. dev.             0.4107  0.3701  0.3778  0.3609  0.4108  0.4387
  weight sum                25     835     368     311     381      80
  precision             0.0023  0.0023  0.0023  0.0023  0.0023  0.0023

w2v-pretrained(107)
  mean                 -0.0139 -0.0733 -0.1063 -0.0978 -0.0744 -0.0264
  std. dev.             0.6734  0.3973  0.4147   0.347  0.3462  0.3664
  weight sum                25     835     368     311     381      80
  precision             0.0021  0.0021  0.0021  0.0021  0.0021  0.0021

w2v-pretrained(108)
  mean                 -0.2559 -0.3002 -0.3533 -0.4017 -0.3752 -0.4254
  std. dev.             0.5545  0.3674  0.3415  0.3524  0.3935  0.3075
  weight sum                25     835     368     311     381      80
  precision              0.002   0.002   0.002   0.002   0.002   0.002

w2v-pretrained(109)
  mean                  0.1161  0.1149   0.176  0.1754  0.1193   0.049
  std. dev.             0.3706  0.3275  0.3072   0.375   0.391  0.2938
  weight sum                25     835     368     311     381      80
  precision             0.0021  0.0021  0.0021  0.0021  0.0021  0.0021

w2v-pretrained(110)
  mean                 -0.1542 -0.1392 -0.1894 -0.2082 -0.2156 -0.2048
  std. dev.             0.5127  0.3741  0.3702  0.3887  0.3837   0.308
  weight sum                25     835     368     311     381      80
  precision             0.0021  0.0021  0.0021  0.0021  0.0021  0.0021

w2v-pretrained(111)
  mean                 -0.1365 -0.0905 -0.1451 -0.0927  -0.067 -0.0446
  std. dev.             0.3499  0.3863  0.3962  0.3746  0.3771  0.3614
  weight sum                25     835     368     311     381      80
  precision             0.0015  0.0015  0.0015  0.0015  0.0015  0.0015

w2v-pretrained(112)
  mean                 -0.0906 -0.0187  0.0412   0.004 -0.1051  0.0033
  std. dev.              0.643  0.3994  0.3711  0.3633  0.4141  0.3598
  weight sum                25     835     368     311     381      80
  precision             0.0023  0.0023  0.0023  0.0023  0.0023  0.0023

w2v-pretrained(113)
  mean                 -0.1303  -0.125 -0.1365 -0.1178 -0.1537  -0.102
  std. dev.             0.4186  0.4033  0.3728  0.3808  0.3868  0.3697
  weight sum                25     835     368     311     381      80
  precision             0.0018  0.0018  0.0018  0.0018  0.0018  0.0018

w2v-pretrained(114)
  mean                 -0.0521 -0.0581  0.0268 -0.0203 -0.0513  -0.117
  std. dev.             0.4319  0.3463  0.4208  0.3754  0.3551  0.3311
  weight sum                25     835     368     311     381      80
  precision             0.0017  0.0017  0.0017  0.0017  0.0017  0.0017

w2v-pretrained(115)
  mean                  0.3409  0.3978  0.4395  0.4523  0.5181  0.5655
  std. dev.             0.6379  0.3871  0.3817  0.3902  0.4007  0.3958
  weight sum                25     835     368     311     381      80
  precision              0.002   0.002   0.002   0.002   0.002   0.002

w2v-pretrained(116)
  mean                  0.1026  0.0384  0.0059 -0.0681 -0.1039 -0.1359
  std. dev.             0.6029  0.3888  0.3688  0.3603  0.3728   0.418
  weight sum                25     835     368     311     381      80
  precision             0.0022  0.0022  0.0022  0.0022  0.0022  0.0022

w2v-pretrained(117)
  mean                  0.0691  0.2571   0.276  0.3335  0.3055  0.3122
  std. dev.             0.3656  0.3323   0.317  0.3873  0.3515  0.3329
  weight sum                25     835     368     311     381      80
  precision             0.0017  0.0017  0.0017  0.0017  0.0017  0.0017

w2v-pretrained(118)
  mean                 -0.2771 -0.1394 -0.1622 -0.1214 -0.0291  0.0431
  std. dev.             0.5829  0.4034  0.3496  0.3332  0.4109   0.284
  weight sum                25     835     368     311     381      80
  precision              0.002   0.002   0.002   0.002   0.002   0.002

w2v-pretrained(119)
  mean                  0.4431  0.3097  0.4237  0.3162  0.2991  0.2465
  std. dev.             0.3239  0.3976  0.4103  0.3497  0.3387  0.3079
  weight sum                25     835     368     311     381      80
  precision             0.0017  0.0017  0.0017  0.0017  0.0017  0.0017

w2v-pretrained(120)
  mean                  0.4116  0.3417  0.3307  0.3478  0.4699  0.6352
  std. dev.             0.5951  0.4234  0.3813  0.3967   0.476  0.5141
  weight sum                25     835     368     311     381      80
  precision             0.0022  0.0022  0.0022  0.0022  0.0022  0.0022

w2v-pretrained(121)
  mean                 -0.1502 -0.2685  -0.331 -0.3759 -0.4748 -0.6572
  std. dev.             0.4028  0.4448  0.5454  0.4336  0.4749   0.666
  weight sum                25     835     368     311     381      80
  precision             0.0023  0.0023  0.0023  0.0023  0.0023  0.0023

w2v-pretrained(122)
  mean                 -0.0462 -0.0224 -0.0028  0.0501  0.0024 -0.0237
  std. dev.             0.3917  0.3886  0.3828  0.3451  0.3609  0.2734
  weight sum                25     835     368     311     381      80
  precision             0.0025  0.0025  0.0025  0.0025  0.0025  0.0025

w2v-pretrained(123)
  mean                 -0.2077 -0.2008 -0.3165  -0.201  -0.228 -0.2345
  std. dev.             0.4822  0.3611  0.3715  0.3366  0.3563  0.2941
  weight sum                25     835     368     311     381      80
  precision             0.0018  0.0018  0.0018  0.0018  0.0018  0.0018

w2v-pretrained(124)
  mean                 -0.0478  0.2163   0.289  0.3172   0.342  0.4106
  std. dev.             0.5795   0.391   0.375  0.4016  0.4287  0.4263
  weight sum                25     835     368     311     381      80
  precision              0.002   0.002   0.002   0.002   0.002   0.002

w2v-pretrained(125)
  mean                  0.0057 -0.2089 -0.2547 -0.3424  -0.356 -0.4567
  std. dev.             0.7015  0.4369  0.3822   0.402  0.4394  0.4959
  weight sum                25     835     368     311     381      80
  precision             0.0026  0.0026  0.0026  0.0026  0.0026  0.0026

w2v-pretrained(126)
  mean                 -0.3625 -0.1822 -0.1269 -0.1839 -0.1874 -0.2224
  std. dev.             0.4386  0.3947   0.357  0.3699  0.3718  0.2667
  weight sum                25     835     368     311     381      80
  precision             0.0017  0.0017  0.0017  0.0017  0.0017  0.0017

w2v-pretrained(127)
  mean                 -0.3204 -0.1292 -0.0819 -0.1107 -0.1042 -0.1377
  std. dev.             0.5734  0.4035  0.3785  0.3595  0.3739  0.4021
  weight sum                25     835     368     311     381      80
  precision              0.002   0.002   0.002   0.002   0.002   0.002

w2v-pretrained(128)
  mean                 -0.2768 -0.2342   -0.15 -0.2156 -0.2867 -0.3374
  std. dev.             0.5608  0.4262  0.3851  0.3743  0.3568  0.2932
  weight sum                25     835     368     311     381      80
  precision             0.0018  0.0018  0.0018  0.0018  0.0018  0.0018

w2v-pretrained(129)
  mean                  0.0832  0.1429  0.0615  0.1018  0.0938  0.1572
  std. dev.             0.4459  0.3936  0.4076  0.3743  0.3625  0.3986
  weight sum                25     835     368     311     381      80
  precision             0.0019  0.0019  0.0019  0.0019  0.0019  0.0019

w2v-pretrained(130)
  mean                   0.308  0.1724  0.1453  0.0667   0.094  0.1233
  std. dev.             0.3636  0.3833  0.3753  0.3727  0.3909  0.3924
  weight sum                25     835     368     311     381      80
  precision             0.0022  0.0022  0.0022  0.0022  0.0022  0.0022

w2v-pretrained(131)
  mean                  0.0428  0.0732 -0.0032 -0.1046 -0.1087 -0.1122
  std. dev.             0.6418  0.5103   0.498  0.5478  0.4966  0.4763
  weight sum                25     835     368     311     381      80
  precision             0.0027  0.0027  0.0027  0.0027  0.0027  0.0027

w2v-pretrained(132)
  mean                 -0.3404  -0.341 -0.4882 -0.3936 -0.3891  -0.322
  std. dev.             0.4159  0.4025  0.4294  0.4209  0.3757  0.3292
  weight sum                25     835     368     311     381      80
  precision              0.002   0.002   0.002   0.002   0.002   0.002

w2v-pretrained(133)
  mean                 -0.0532 -0.2123 -0.2348 -0.2238  -0.252 -0.3899
  std. dev.              0.417  0.3829  0.3528  0.3879  0.4358  0.4477
  weight sum                25     835     368     311     381      80
  precision              0.002   0.002   0.002   0.002   0.002   0.002

w2v-pretrained(134)
  mean                 -0.0051  0.0063 -0.0113 -0.0588 -0.0315  -0.041
  std. dev.             0.5126  0.3608  0.3737  0.3941  0.3861   0.327
  weight sum                25     835     368     311     381      80
  precision             0.0017  0.0017  0.0017  0.0017  0.0017  0.0017

w2v-pretrained(135)
  mean                  -0.065 -0.0258 -0.0268 -0.0684 -0.1056 -0.0967
  std. dev.             0.4543  0.4066  0.3833  0.3916  0.4437  0.3425
  weight sum                25     835     368     311     381      80
  precision             0.0024  0.0024  0.0024  0.0024  0.0024  0.0024

w2v-pretrained(136)
  mean                 -0.3262   -0.27 -0.2978 -0.3819 -0.4445 -0.6038
  std. dev.             0.4607  0.4263  0.4439  0.4042  0.4081  0.4068
  weight sum                25     835     368     311     381      80
  precision             0.0022  0.0022  0.0022  0.0022  0.0022  0.0022

w2v-pretrained(137)
  mean                 -0.0759  0.0846  0.1227  0.1187  0.0238  0.0158
  std. dev.             0.2555  0.3787  0.3922  0.3296  0.3683  0.3166
  weight sum                25     835     368     311     381      80
  precision             0.0019  0.0019  0.0019  0.0019  0.0019  0.0019

w2v-pretrained(138)
  mean                  0.2098  0.1189  0.0354  0.2158  0.1886  0.1842
  std. dev.             0.3754  0.3481   0.346  0.3638  0.3858  0.3237
  weight sum                25     835     368     311     381      80
  precision             0.0016  0.0016  0.0016  0.0016  0.0016  0.0016

w2v-pretrained(139)
  mean                 -0.0113 -0.0876 -0.0609 -0.1493 -0.2616 -0.4277
  std. dev.             0.8331  0.4636  0.3864  0.4103   0.488  0.4549
  weight sum                25     835     368     311     381      80
  precision             0.0026  0.0026  0.0026  0.0026  0.0026  0.0026

w2v-pretrained(140)
  mean                  0.4515   0.446   0.483  0.4646  0.4511  0.4269
  std. dev.             0.4184  0.4202  0.4016  0.3886  0.4685  0.2987
  weight sum                25     835     368     311     381      80
  precision             0.0019  0.0019  0.0019  0.0019  0.0019  0.0019

w2v-pretrained(141)
  mean                  0.4831  0.3283   0.321  0.2877   0.264  0.2073
  std. dev.             0.5178  0.4152  0.4039  0.3903  0.4005  0.3236
  weight sum                25     835     368     311     381      80
  precision             0.0027  0.0027  0.0027  0.0027  0.0027  0.0027

w2v-pretrained(142)
  mean                  -0.506 -0.4101 -0.3469 -0.4281 -0.4276 -0.4246
  std. dev.             0.4912  0.4298  0.3676  0.3727  0.4102  0.3295
  weight sum                25     835     368     311     381      80
  precision             0.0016  0.0016  0.0016  0.0016  0.0016  0.0016

w2v-pretrained(143)
  mean                  0.0453  0.1233   0.195  0.1378  0.0552  0.0795
  std. dev.             0.3295  0.3821  0.3853  0.3865   0.386  0.3311
  weight sum                25     835     368     311     381      80
  precision             0.0023  0.0023  0.0023  0.0023  0.0023  0.0023

w2v-pretrained(144)
  mean                  0.0845  0.0162  0.0654  0.0859  0.0536  0.0867
  std. dev.             0.3302   0.377  0.4325  0.3931  0.3837  0.3954
  weight sum                25     835     368     311     381      80
  precision             0.0017  0.0017  0.0017  0.0017  0.0017  0.0017

w2v-pretrained(145)
  mean                  0.1564 -0.0557  0.0061 -0.0094 -0.0124  0.0393
  std. dev.             0.3869  0.4322   0.462  0.3613  0.3728  0.3276
  weight sum                25     835     368     311     381      80
  precision             0.0018  0.0018  0.0018  0.0018  0.0018  0.0018

w2v-pretrained(146)
  mean                  0.2018  0.0358 -0.0087  0.0448  0.0596 -0.0451
  std. dev.             0.5321  0.3932  0.3933  0.3589  0.3674  0.4767
  weight sum                25     835     368     311     381      80
  precision             0.0028  0.0028  0.0028  0.0028  0.0028  0.0028

w2v-pretrained(147)
  mean                  -0.107 -0.3034 -0.3183 -0.4126 -0.3623 -0.4203
  std. dev.             0.5798  0.3583  0.3557   0.363  0.3632  0.3386
  weight sum                25     835     368     311     381      80
  precision             0.0018  0.0018  0.0018  0.0018  0.0018  0.0018

w2v-pretrained(148)
  mean                  0.0891 -0.2384 -0.2177 -0.2314   -0.17 -0.1263
  std. dev.             0.7234  0.4239  0.3818  0.4205  0.4889  0.4304
  weight sum                25     835     368     311     381      80
  precision              0.002   0.002   0.002   0.002   0.002   0.002

w2v-pretrained(149)
  mean                 -0.4453 -0.3307 -0.3569 -0.3149 -0.3062 -0.3673
  std. dev.             0.4163  0.4293  0.3734  0.3913  0.4126  0.3481
  weight sum                25     835     368     311     381      80
  precision             0.0019  0.0019  0.0019  0.0019  0.0019  0.0019

w2v-pretrained(150)
  mean                 -0.3035  -0.032 -0.1032 -0.0359  0.0063  0.0425
  std. dev.             0.4316  0.3681  0.3634  0.3904  0.3915  0.3031
  weight sum                25     835     368     311     381      80
  precision             0.0021  0.0021  0.0021  0.0021  0.0021  0.0021

w2v-pretrained(151)
  mean                  0.4815  0.2569  0.2027  0.2678  0.2673  0.4542
  std. dev.              0.491  0.3821  0.3966  0.3778  0.3979  0.3797
  weight sum                25     835     368     311     381      80
  precision             0.0022  0.0022  0.0022  0.0022  0.0022  0.0022

w2v-pretrained(152)
  mean                 -0.0248  0.0617    0.13  0.1241  0.1231  0.1246
  std. dev.             0.7626  0.4392  0.4087   0.412  0.4235   0.397
  weight sum                25     835     368     311     381      80
  precision             0.0025  0.0025  0.0025  0.0025  0.0025  0.0025

w2v-pretrained(153)
  mean                 -0.5081 -0.4598 -0.4443   -0.42 -0.3931 -0.4753
  std. dev.             0.3287  0.3563  0.3633  0.3435  0.3231  0.3036
  weight sum                25     835     368     311     381      80
  precision             0.0021  0.0021  0.0021  0.0021  0.0021  0.0021

w2v-pretrained(154)
  mean                  0.3993  0.2461  0.1671  0.3219  0.3045  0.2796
  std. dev.             0.5438  0.3785  0.3903  0.3989  0.3759  0.3067
  weight sum                25     835     368     311     381      80
  precision             0.0018  0.0018  0.0018  0.0018  0.0018  0.0018

w2v-pretrained(155)
  mean                 -0.1013 -0.0986 -0.1172 -0.0587 -0.0578 -0.1143
  std. dev.             0.2603  0.3298  0.3585  0.3262  0.3752  0.2723
  weight sum                25     835     368     311     381      80
  precision             0.0019  0.0019  0.0019  0.0019  0.0019  0.0019

w2v-pretrained(156)
  mean                 -0.1947 -0.1556 -0.2751 -0.1144 -0.0673 -0.0046
  std. dev.              0.442  0.3949   0.436  0.3306  0.3417  0.3239
  weight sum                25     835     368     311     381      80
  precision             0.0018  0.0018  0.0018  0.0018  0.0018  0.0018

w2v-pretrained(157)
  mean                 -0.0419 -0.1735 -0.1153 -0.1835  -0.231 -0.2962
  std. dev.             0.3934  0.3609  0.3366  0.4135  0.3472  0.3544
  weight sum                25     835     368     311     381      80
  precision             0.0021  0.0021  0.0021  0.0021  0.0021  0.0021

w2v-pretrained(158)
  mean                 -0.0351 -0.3624 -0.3623 -0.4556 -0.4081 -0.4356
  std. dev.             0.9519  0.4764  0.4114  0.4433  0.4425  0.3551
  weight sum                25     835     368     311     381      80
  precision             0.0028  0.0028  0.0028  0.0028  0.0028  0.0028

w2v-pretrained(159)
  mean                 -0.3889 -0.2705  -0.268 -0.3192 -0.3632 -0.3975
  std. dev.             0.5457  0.4168  0.4068  0.3844  0.3667  0.3735
  weight sum                25     835     368     311     381      80
  precision             0.0026  0.0026  0.0026  0.0026  0.0026  0.0026

w2v-pretrained(160)
  mean                 -0.2537 -0.1029 -0.1651 -0.1189 -0.0856 -0.1053
  std. dev.             0.5588  0.3585  0.3774  0.3969  0.3486  0.3644
  weight sum                25     835     368     311     381      80
  precision             0.0021  0.0021  0.0021  0.0021  0.0021  0.0021

w2v-pretrained(161)
  mean                 -0.1132 -0.1157  -0.042 -0.0755 -0.1106 -0.2159
  std. dev.             0.3591  0.3756  0.3286  0.3706  0.3772  0.3257
  weight sum                25     835     368     311     381      80
  precision             0.0021  0.0021  0.0021  0.0021  0.0021  0.0021

w2v-pretrained(162)
  mean                  0.2003  0.2841  0.4267  0.3066  0.2475  0.1228
  std. dev.             0.5105  0.3855  0.4052  0.3794  0.3826  0.3514
  weight sum                25     835     368     311     381      80
  precision             0.0017  0.0017  0.0017  0.0017  0.0017  0.0017

w2v-pretrained(163)
  mean                  0.3941  0.2251  0.1731  0.2391  0.3116  0.4662
  std. dev.              0.385  0.3736  0.3447  0.3627  0.4275  0.5059
  weight sum                25     835     368     311     381      80
  precision             0.0023  0.0023  0.0023  0.0023  0.0023  0.0023

w2v-pretrained(164)
  mean                 -0.0273 -0.2082 -0.1069 -0.1526 -0.1661 -0.2824
  std. dev.             0.4657  0.4646  0.4333  0.4192  0.4849  0.4127
  weight sum                25     835     368     311     381      80
  precision             0.0023  0.0023  0.0023  0.0023  0.0023  0.0023

w2v-pretrained(165)
  mean                  0.0609  0.0194  0.0684  0.1091  0.0313 -0.1793
  std. dev.             0.5307   0.391  0.3738  0.4074   0.457  0.4328
  weight sum                25     835     368     311     381      80
  precision             0.0023  0.0023  0.0023  0.0023  0.0023  0.0023

w2v-pretrained(166)
  mean                 -0.4909  -0.331 -0.3116 -0.3911 -0.3674 -0.2807
  std. dev.             0.6072  0.4086  0.4474  0.3893  0.4359  0.3741
  weight sum                25     835     368     311     381      80
  precision              0.002   0.002   0.002   0.002   0.002   0.002

w2v-pretrained(167)
  mean                  0.5834  0.3227  0.2462  0.3816  0.4137  0.4788
  std. dev.             0.5258  0.4219  0.4987  0.3918  0.4062  0.4233
  weight sum                25     835     368     311     381      80
  precision             0.0018  0.0018  0.0018  0.0018  0.0018  0.0018

w2v-pretrained(168)
  mean                 -0.3235 -0.2631 -0.2402 -0.2155 -0.2375 -0.3697
  std. dev.              0.692  0.3586  0.3928  0.3758  0.3722  0.3797
  weight sum                25     835     368     311     381      80
  precision             0.0021  0.0021  0.0021  0.0021  0.0021  0.0021

w2v-pretrained(169)
  mean                 -0.2838  -0.045  0.0397  0.0817  0.0817  0.1196
  std. dev.             0.4245   0.369  0.3579  0.3949  0.3817   0.368
  weight sum                25     835     368     311     381      80
  precision             0.0022  0.0022  0.0022  0.0022  0.0022  0.0022

w2v-pretrained(170)
  mean                  0.1574   0.035 -0.0526 -0.1167  -0.075 -0.0934
  std. dev.             0.4349  0.4027   0.358  0.3434  0.3646  0.3167
  weight sum                25     835     368     311     381      80
  precision             0.0032  0.0032  0.0032  0.0032  0.0032  0.0032

w2v-pretrained(171)
  mean                 -0.6713  -0.536 -0.4642 -0.4889 -0.4749 -0.2743
  std. dev.              0.577  0.3588   0.407  0.3666  0.4772  0.5132
  weight sum                25     835     368     311     381      80
  precision              0.002   0.002   0.002   0.002   0.002   0.002

w2v-pretrained(172)
  mean                 -0.3019 -0.1682 -0.2215 -0.2426 -0.2038 -0.1178
  std. dev.             0.4697  0.3774  0.3659   0.338  0.3325  0.3107
  weight sum                25     835     368     311     381      80
  precision              0.002   0.002   0.002   0.002   0.002   0.002

w2v-pretrained(173)
  mean                  0.0746 -0.1422 -0.2259 -0.2657 -0.3185  -0.295
  std. dev.             0.4213  0.3737  0.3494  0.3756  0.3997   0.355
  weight sum                25     835     368     311     381      80
  precision             0.0017  0.0017  0.0017  0.0017  0.0017  0.0017

w2v-pretrained(174)
  mean                 -0.2409   -0.25  -0.325 -0.2714 -0.3174 -0.2589
  std. dev.             0.3753  0.3724  0.3529  0.3646  0.3895  0.3273
  weight sum                25     835     368     311     381      80
  precision             0.0017  0.0017  0.0017  0.0017  0.0017  0.0017

w2v-pretrained(175)
  mean                  0.0387 -0.0046  0.0531 -0.0083 -0.0601 -0.0902
  std. dev.             0.4344  0.3644  0.3847   0.337  0.3667    0.36
  weight sum                25     835     368     311     381      80
  precision             0.0018  0.0018  0.0018  0.0018  0.0018  0.0018

w2v-pretrained(176)
  mean                  0.1843  -0.017 -0.0779 -0.0659 -0.0932 -0.1491
  std. dev.             0.4523  0.3871   0.386  0.3889  0.3536  0.3304
  weight sum                25     835     368     311     381      80
  precision             0.0021  0.0021  0.0021  0.0021  0.0021  0.0021

w2v-pretrained(177)
  mean                   0.392  0.4392  0.3734  0.4409  0.4399  0.5171
  std. dev.             0.4669  0.4344   0.437  0.3831  0.4128  0.4172
  weight sum                25     835     368     311     381      80
  precision             0.0018  0.0018  0.0018  0.0018  0.0018  0.0018

w2v-pretrained(178)
  mean                 -0.6948 -0.4218 -0.4251 -0.4246 -0.3242 -0.3619
  std. dev.             0.6003  0.4164  0.4368  0.3908  0.4114  0.3461
  weight sum                25     835     368     311     381      80
  precision             0.0024  0.0024  0.0024  0.0024  0.0024  0.0024

w2v-pretrained(179)
  mean                  0.1176 -0.0496 -0.0683 -0.0486  0.0225  0.2055
  std. dev.             0.5989  0.3881  0.3677   0.394  0.4808  0.5448
  weight sum                25     835     368     311     381      80
  precision             0.0022  0.0022  0.0022  0.0022  0.0022  0.0022

w2v-pretrained(180)
  mean                 -0.0478  0.0267  0.0049  0.0348  0.0784  0.2067
  std. dev.             0.3761   0.382  0.4192   0.365  0.4142  0.3324
  weight sum                25     835     368     311     381      80
  precision             0.0024  0.0024  0.0024  0.0024  0.0024  0.0024

w2v-pretrained(181)
  mean                 -0.4012  -0.449  -0.416 -0.4576 -0.4625 -0.4362
  std. dev.             0.4933  0.3625  0.3304  0.3807  0.3303  0.3675
  weight sum                25     835     368     311     381      80
  precision             0.0017  0.0017  0.0017  0.0017  0.0017  0.0017

w2v-pretrained(182)
  mean                 -0.3845  -0.354  -0.403 -0.4253 -0.4196 -0.3837
  std. dev.             0.5359  0.3228  0.3382  0.3374  0.3659  0.3062
  weight sum                25     835     368     311     381      80
  precision             0.0019  0.0019  0.0019  0.0019  0.0019  0.0019

w2v-pretrained(183)
  mean                  0.1809  0.0423  0.0261  0.0513  0.0388  0.1548
  std. dev.             0.4268  0.3618  0.4324  0.3691  0.3702  0.4353
  weight sum                25     835     368     311     381      80
  precision             0.0016  0.0016  0.0016  0.0016  0.0016  0.0016

w2v-pretrained(184)
  mean                  0.0584  0.0164  0.0753  0.2194  0.2371  0.1772
  std. dev.             0.5287  0.3913  0.4531  0.4047  0.3982  0.2959
  weight sum                25     835     368     311     381      80
  precision             0.0018  0.0018  0.0018  0.0018  0.0018  0.0018

w2v-pretrained(185)
  mean                 -0.2624 -0.1878 -0.1515 -0.1491 -0.2533 -0.4138
  std. dev.             0.4684  0.4006  0.4302  0.3738  0.4313  0.5195
  weight sum                25     835     368     311     381      80
  precision             0.0019  0.0019  0.0019  0.0019  0.0019  0.0019

w2v-pretrained(186)
  mean                  0.0384  -0.121 -0.1088 -0.1089 -0.0792  0.0253
  std. dev.             0.4566    0.37  0.3721  0.3865  0.4315  0.4796
  weight sum                25     835     368     311     381      80
  precision             0.0019  0.0019  0.0019  0.0019  0.0019  0.0019

w2v-pretrained(187)
  mean                   -0.05 -0.0081  -0.036 -0.0826 -0.0872 -0.0281
  std. dev.             0.3818  0.3935  0.3696  0.3888  0.3859  0.3739
  weight sum                25     835     368     311     381      80
  precision             0.0018  0.0018  0.0018  0.0018  0.0018  0.0018

w2v-pretrained(188)
  mean                  0.0028  0.1136  0.0641  0.1868  0.2382  0.4059
  std. dev.             0.4468  0.3685  0.3598  0.3841  0.4037  0.3721
  weight sum                25     835     368     311     381      80
  precision             0.0019  0.0019  0.0019  0.0019  0.0019  0.0019

w2v-pretrained(189)
  mean                  0.2488  0.3229  0.3255  0.2674  0.2175  0.2398
  std. dev.             0.5074  0.3831  0.4048  0.3498  0.3773  0.3363
  weight sum                25     835     368     311     381      80
  precision             0.0024  0.0024  0.0024  0.0024  0.0024  0.0024

w2v-pretrained(190)
  mean                  0.0028  0.2605  0.2293  0.3491  0.4136  0.4258
  std. dev.             0.4189  0.3878  0.4564  0.3988   0.418  0.3605
  weight sum                25     835     368     311     381      80
  precision             0.0025  0.0025  0.0025  0.0025  0.0025  0.0025

w2v-pretrained(191)
  mean                 -0.0385  0.0615 -0.0635  0.0699  0.0945  0.0469
  std. dev.             0.5094  0.4134  0.3846  0.3514  0.4006  0.3701
  weight sum                25     835     368     311     381      80
  precision              0.002   0.002   0.002   0.002   0.002   0.002

w2v-pretrained(192)
  mean                  -0.181  0.0027 -0.0011 -0.0107 -0.0712 -0.0516
  std. dev.             0.3852  0.3635  0.3489  0.3695  0.3519  0.3495
  weight sum                25     835     368     311     381      80
  precision             0.0019  0.0019  0.0019  0.0019  0.0019  0.0019

w2v-pretrained(193)
  mean                  0.2796  0.1327  0.2093  0.1402  0.1517  0.3311
  std. dev.             0.5738  0.4108  0.4056  0.3391  0.3745  0.3449
  weight sum                25     835     368     311     381      80
  precision             0.0021  0.0021  0.0021  0.0021  0.0021  0.0021

w2v-pretrained(194)
  mean                  0.0929   0.027 -0.0923   0.051  0.2072  0.3132
  std. dev.             0.4652  0.4038  0.3746  0.3524  0.3984   0.372
  weight sum                25     835     368     311     381      80
  precision             0.0019  0.0019  0.0019  0.0019  0.0019  0.0019

w2v-pretrained(195)
  mean                  0.0505 -0.2083 -0.2536 -0.2647 -0.2467 -0.4179
  std. dev.             0.4915  0.3842  0.3907  0.3813  0.3951  0.4049
  weight sum                25     835     368     311     381      80
  precision             0.0019  0.0019  0.0019  0.0019  0.0019  0.0019

w2v-pretrained(196)
  mean                  0.1814 -0.0091 -0.0819 -0.0088 -0.0067  0.0862
  std. dev.             0.4062   0.359  0.3417  0.3218  0.3591   0.291
  weight sum                25     835     368     311     381      80
  precision             0.0016  0.0016  0.0016  0.0016  0.0016  0.0016

w2v-pretrained(197)
  mean                  0.0202 -0.0574 -0.0801 -0.1072  0.0234   0.064
  std. dev.             0.5302  0.3611  0.3487  0.3523  0.3923  0.3635
  weight sum                25     835     368     311     381      80
  precision             0.0019  0.0019  0.0019  0.0019  0.0019  0.0019

w2v-pretrained(198)
  mean                  0.1106 -0.0702 -0.0344 -0.0712 -0.0844 -0.1099
  std. dev.             0.3395  0.3503  0.3697  0.3647  0.3985  0.3957
  weight sum                25     835     368     311     381      80
  precision             0.0021  0.0021  0.0021  0.0021  0.0021  0.0021

w2v-pretrained(199)
  mean                 -0.2866 -0.2969 -0.2308 -0.2018 -0.2371 -0.3151
  std. dev.             0.3673  0.3783  0.3863  0.3996  0.4202  0.3924
  weight sum                25     835     368     311     381      80
  precision             0.0019  0.0019  0.0019  0.0019  0.0019  0.0019

w2v-pretrained(200)
  mean                 -0.3524 -0.4475 -0.5389 -0.4342 -0.3663 -0.3655
  std. dev.             0.5903  0.4191  0.4098  0.4315  0.3947  0.3472
  weight sum                25     835     368     311     381      80
  precision              0.002   0.002   0.002   0.002   0.002   0.002

w2v-pretrained(201)
  mean                  0.1207  0.0979  0.1148  0.1136  0.0951 -0.0305
  std. dev.              0.507  0.4122  0.3659  0.4004  0.4385  0.4076
  weight sum                25     835     368     311     381      80
  precision             0.0022  0.0022  0.0022  0.0022  0.0022  0.0022

w2v-pretrained(202)
  mean                  0.3076  0.2635  0.3106  0.2167  0.2653  0.2882
  std. dev.             0.3832  0.3548  0.4257  0.3334  0.3436  0.3288
  weight sum                25     835     368     311     381      80
  precision             0.0015  0.0015  0.0015  0.0015  0.0015  0.0015

w2v-pretrained(203)
  mean                 -0.2004  -0.135 -0.1314 -0.1421 -0.1361  -0.074
  std. dev.             0.3988  0.3683  0.3403  0.3492  0.3676  0.3674
  weight sum                25     835     368     311     381      80
  precision             0.0024  0.0024  0.0024  0.0024  0.0024  0.0024

w2v-pretrained(204)
  mean                 -0.2209 -0.0886 -0.1322 -0.0528 -0.0835 -0.1233
  std. dev.             0.4776  0.4006  0.4115  0.4127  0.3934  0.4461
  weight sum                25     835     368     311     381      80
  precision             0.0017  0.0017  0.0017  0.0017  0.0017  0.0017

w2v-pretrained(205)
  mean                  0.2256   0.135  0.1461  0.1785  0.1524  0.2953
  std. dev.             0.5448  0.3849    0.36  0.3854  0.4378  0.4089
  weight sum                25     835     368     311     381      80
  precision             0.0017  0.0017  0.0017  0.0017  0.0017  0.0017

w2v-pretrained(206)
  mean                 -0.1534 -0.1583 -0.2028 -0.1501 -0.1452  -0.073
  std. dev.             0.4007  0.3379  0.3512   0.343  0.3754  0.3131
  weight sum                25     835     368     311     381      80
  precision             0.0018  0.0018  0.0018  0.0018  0.0018  0.0018

w2v-pretrained(207)
  mean                 -0.2221 -0.0705  -0.145 -0.0607 -0.1033 -0.0903
  std. dev.             0.3999  0.3983  0.4023  0.3704  0.3822  0.3849
  weight sum                25     835     368     311     381      80
  precision             0.0019  0.0019  0.0019  0.0019  0.0019  0.0019

w2v-pretrained(208)
  mean                 -0.0905 -0.1404 -0.0314 -0.0671  -0.048 -0.1546
  std. dev.             0.5357  0.3473  0.3809  0.3084  0.3485  0.3392
  weight sum                25     835     368     311     381      80
  precision             0.0017  0.0017  0.0017  0.0017  0.0017  0.0017

w2v-pretrained(209)
  mean                  0.0432  0.0691  0.0557  0.0396  0.0513 -0.0174
  std. dev.             0.4744  0.3824  0.4308  0.4473  0.4156  0.3058
  weight sum                25     835     368     311     381      80
  precision             0.0019  0.0019  0.0019  0.0019  0.0019  0.0019

w2v-pretrained(210)
  mean                  0.1308 -0.1277 -0.0267 -0.1903 -0.1946 -0.2184
  std. dev.             0.4962  0.4027  0.3842  0.3926  0.3965  0.3572
  weight sum                25     835     368     311     381      80
  precision              0.002   0.002   0.002   0.002   0.002   0.002

w2v-pretrained(211)
  mean                 -0.1267 -0.1315 -0.0538  -0.139 -0.1265 -0.1353
  std. dev.             0.4821  0.3625  0.3943  0.3675  0.3728  0.3561
  weight sum                25     835     368     311     381      80
  precision              0.002   0.002   0.002   0.002   0.002   0.002

w2v-pretrained(212)
  mean                  0.3225  0.4191  0.4046  0.3358  0.4415  0.5287
  std. dev.             0.4993  0.4159  0.4071  0.4277  0.4681  0.4519
  weight sum                25     835     368     311     381      80
  precision             0.0021  0.0021  0.0021  0.0021  0.0021  0.0021

w2v-pretrained(213)
  mean                 -0.2972 -0.1402   -0.05  0.0054  0.0991  0.2434
  std. dev.             0.5576  0.4047  0.4178  0.3885  0.3825  0.4319
  weight sum                25     835     368     311     381      80
  precision             0.0023  0.0023  0.0023  0.0023  0.0023  0.0023

w2v-pretrained(214)
  mean                  0.3605  0.2975  0.3568   0.366  0.3582  0.4263
  std. dev.             0.5276  0.3765    0.35   0.373  0.3565  0.3267
  weight sum                25     835     368     311     381      80
  precision             0.0024  0.0024  0.0024  0.0024  0.0024  0.0024

w2v-pretrained(215)
  mean                 -0.6759 -0.5022 -0.4614 -0.5346 -0.6284 -0.5632
  std. dev.             0.3591  0.3758  0.3808  0.3646  0.4188  0.4611
  weight sum                25     835     368     311     381      80
  precision             0.0018  0.0018  0.0018  0.0018  0.0018  0.0018

w2v-pretrained(216)
  mean                  -0.247 -0.1924 -0.1125 -0.1612  -0.165  -0.181
  std. dev.             0.3033  0.3896  0.3526  0.4076  0.4554  0.3657
  weight sum                25     835     368     311     381      80
  precision              0.002   0.002   0.002   0.002   0.002   0.002

w2v-pretrained(217)
  mean                  0.5609   0.407  0.4886   0.485  0.4406   0.392
  std. dev.             0.4402  0.3684   0.339  0.3696  0.3714  0.3143
  weight sum                25     835     368     311     381      80
  precision             0.0019  0.0019  0.0019  0.0019  0.0019  0.0019

w2v-pretrained(218)
  mean                 -0.3439 -0.1703  -0.111 -0.1251 -0.2253 -0.2834
  std. dev.             0.6303  0.3572  0.3635  0.3726  0.3658  0.3343
  weight sum                25     835     368     311     381      80
  precision              0.002   0.002   0.002   0.002   0.002   0.002

w2v-pretrained(219)
  mean                 -0.3108 -0.4092 -0.4145 -0.5126 -0.5552 -0.5048
  std. dev.             0.4727  0.3897   0.357  0.3594  0.4386  0.3588
  weight sum                25     835     368     311     381      80
  precision             0.0019  0.0019  0.0019  0.0019  0.0019  0.0019

w2v-pretrained(220)
  mean                 -0.0212  0.1137  0.1431  0.0847  0.0526   0.121
  std. dev.             0.3488  0.3708   0.352   0.395  0.4214  0.4463
  weight sum                25     835     368     311     381      80
  precision             0.0021  0.0021  0.0021  0.0021  0.0021  0.0021

w2v-pretrained(221)
  mean                 -0.2036  -0.198 -0.0885 -0.1476 -0.1312 -0.1117
  std. dev.             0.5354  0.3708  0.3307  0.3424   0.336  0.3481
  weight sum                25     835     368     311     381      80
  precision             0.0016  0.0016  0.0016  0.0016  0.0016  0.0016

w2v-pretrained(222)
  mean                  0.2251  0.1393  0.0456  0.0495  0.1423  0.1116
  std. dev.             0.6415   0.384   0.372  0.3346   0.391  0.2814
  weight sum                25     835     368     311     381      80
  precision             0.0017  0.0017  0.0017  0.0017  0.0017  0.0017

w2v-pretrained(223)
  mean                 -0.1339 -0.0943  -0.235 -0.2381 -0.2677 -0.2653
  std. dev.             0.5146   0.422  0.4472  0.3646   0.386  0.3503
  weight sum                25     835     368     311     381      80
  precision             0.0023  0.0023  0.0023  0.0023  0.0023  0.0023

w2v-pretrained(224)
  mean                  0.0836 -0.1001 -0.0525  -0.138 -0.0993  -0.072
  std. dev.             0.5049  0.3914  0.3326  0.3401  0.3525   0.328
  weight sum                25     835     368     311     381      80
  precision             0.0026  0.0026  0.0026  0.0026  0.0026  0.0026

w2v-pretrained(225)
  mean                  0.1966  0.3027  0.3549   0.365  0.2991  0.2201
  std. dev.             0.4075  0.3826  0.3966  0.4159  0.4508  0.3632
  weight sum                25     835     368     311     381      80
  precision             0.0016  0.0016  0.0016  0.0016  0.0016  0.0016

w2v-pretrained(226)
  mean                 -0.1595 -0.1279 -0.1413 -0.1584 -0.1762 -0.2759
  std. dev.             0.4219   0.367  0.3954  0.3986  0.3695   0.376
  weight sum                25     835     368     311     381      80
  precision             0.0022  0.0022  0.0022  0.0022  0.0022  0.0022

w2v-pretrained(227)
  mean                  0.1366  0.3595  0.2758   0.465  0.4809  0.5682
  std. dev.             0.3741  0.3684  0.3721  0.4108  0.4296  0.3742
  weight sum                25     835     368     311     381      80
  precision             0.0017  0.0017  0.0017  0.0017  0.0017  0.0017

w2v-pretrained(228)
  mean                 -0.0591  0.0651  0.0555 -0.0119 -0.0443 -0.0433
  std. dev.             0.4964    0.39  0.3727  0.4468  0.4309  0.3055
  weight sum                25     835     368     311     381      80
  precision             0.0017  0.0017  0.0017  0.0017  0.0017  0.0017

w2v-pretrained(229)
  mean                  0.3978  0.2836  0.2368  0.3077  0.3245  0.3336
  std. dev.             0.3552  0.3712   0.342  0.3415  0.3801  0.3513
  weight sum                25     835     368     311     381      80
  precision             0.0025  0.0025  0.0025  0.0025  0.0025  0.0025

w2v-pretrained(230)
  mean                  0.1385  0.1662  0.2366  0.2835  0.2127  0.2467
  std. dev.             0.3582  0.3995  0.3406   0.396  0.4167  0.3498
  weight sum                25     835     368     311     381      80
  precision             0.0018  0.0018  0.0018  0.0018  0.0018  0.0018

w2v-pretrained(231)
  mean                 -0.0208  0.1748  0.1444   0.199  0.2226   0.203
  std. dev.             0.4645  0.3619   0.362  0.3695  0.4036  0.3904
  weight sum                25     835     368     311     381      80
  precision             0.0019  0.0019  0.0019  0.0019  0.0019  0.0019

w2v-pretrained(232)
  mean                 -0.1912  -0.186  -0.162 -0.0934  -0.145 -0.0839
  std. dev.               0.43  0.3702  0.3757  0.3676  0.3977  0.3809
  weight sum                25     835     368     311     381      80
  precision             0.0015  0.0015  0.0015  0.0015  0.0015  0.0015

w2v-pretrained(233)
  mean                  -0.018  0.1279  0.1739  0.1488  0.1315  0.1512
  std. dev.             0.5473  0.3698  0.3708  0.3454  0.3353  0.3732
  weight sum                25     835     368     311     381      80
  precision              0.002   0.002   0.002   0.002   0.002   0.002

w2v-pretrained(234)
  mean                  0.1996  0.0824  0.1296  0.1017  0.0152  0.0139
  std. dev.             0.3077  0.3444  0.3434  0.3368  0.3375  0.3005
  weight sum                25     835     368     311     381      80
  precision             0.0019  0.0019  0.0019  0.0019  0.0019  0.0019

w2v-pretrained(235)
  mean                  0.3382  0.3928  0.4032  0.4212  0.3704  0.3951
  std. dev.             0.5755  0.3863  0.3589  0.4196  0.4195  0.3241
  weight sum                25     835     368     311     381      80
  precision             0.0018  0.0018  0.0018  0.0018  0.0018  0.0018

w2v-pretrained(236)
  mean                 -0.0189 -0.0737 -0.0264 -0.0551 -0.0536  0.0419
  std. dev.             0.3532   0.331  0.3057  0.3122  0.3225  0.2554
  weight sum                25     835     368     311     381      80
  precision             0.0015  0.0015  0.0015  0.0015  0.0015  0.0015

w2v-pretrained(237)
  mean                 -0.3754 -0.2387 -0.1622 -0.2079 -0.2236 -0.2433
  std. dev.             0.5278  0.3928   0.409   0.377  0.4022  0.3804
  weight sum                25     835     368     311     381      80
  precision             0.0021  0.0021  0.0021  0.0021  0.0021  0.0021

w2v-pretrained(238)
  mean                  0.0079 -0.2733 -0.3236 -0.3557 -0.2742 -0.2046
  std. dev.              0.475  0.4009  0.3766  0.4391  0.4358    0.39
  weight sum                25     835     368     311     381      80
  precision             0.0019  0.0019  0.0019  0.0019  0.0019  0.0019

w2v-pretrained(239)
  mean                  0.4019  0.3593  0.3955  0.3475  0.2906  0.2508
  std. dev.             0.5134  0.3458  0.4195  0.3372  0.3593  0.3946
  weight sum                25     835     368     311     381      80
  precision             0.0018  0.0018  0.0018  0.0018  0.0018  0.0018

w2v-pretrained(240)
  mean                  0.1763  0.0745  0.0328  0.0454  0.0531  0.0486
  std. dev.             0.4004  0.3284  0.3173  0.3378  0.4237  0.4589
  weight sum                25     835     368     311     381      80
  precision             0.0017  0.0017  0.0017  0.0017  0.0017  0.0017

w2v-pretrained(241)
  mean                  0.1215  0.1052  0.0407  0.1168  0.0576  0.1576
  std. dev.             0.5072  0.4053   0.381  0.4173  0.4399  0.4463
  weight sum                25     835     368     311     381      80
  precision             0.0017  0.0017  0.0017  0.0017  0.0017  0.0017

w2v-pretrained(242)
  mean                  0.1408  0.0514  0.0213  0.0297  0.0516  0.1089
  std. dev.             0.3898  0.3571  0.3414  0.3486  0.3526  0.4029
  weight sum                25     835     368     311     381      80
  precision             0.0016  0.0016  0.0016  0.0016  0.0016  0.0016

w2v-pretrained(243)
  mean                  0.2294  0.1726  0.1562  0.1805  0.1437  0.1165
  std. dev.             0.4536  0.3852  0.3282   0.386  0.3779  0.3212
  weight sum                25     835     368     311     381      80
  precision             0.0017  0.0017  0.0017  0.0017  0.0017  0.0017

w2v-pretrained(244)
  mean                  -0.603 -0.5125 -0.4045 -0.5324 -0.5845   -0.69
  std. dev.             0.6178  0.3493  0.3815  0.3887  0.3908   0.325
  weight sum                25     835     368     311     381      80
  precision              0.002   0.002   0.002   0.002   0.002   0.002

w2v-pretrained(245)
  mean                 -0.0061 -0.0101  0.0174 -0.0736 -0.0934 -0.0867
  std. dev.              0.387   0.351  0.3248  0.3415  0.3323  0.3102
  weight sum                25     835     368     311     381      80
  precision             0.0018  0.0018  0.0018  0.0018  0.0018  0.0018

w2v-pretrained(246)
  mean                  0.2309  0.1256  0.2101  0.1148    0.18  0.1246
  std. dev.             0.4678  0.3356  0.3206  0.3156  0.3634  0.2446
  weight sum                25     835     368     311     381      80
  precision             0.0016  0.0016  0.0016  0.0016  0.0016  0.0016

w2v-pretrained(247)
  mean                  0.0472  0.0387  0.0596  0.0468  0.1011  0.1437
  std. dev.             0.5557  0.3517   0.365  0.3517  0.3443  0.3875
  weight sum                25     835     368     311     381      80
  precision             0.0018  0.0018  0.0018  0.0018  0.0018  0.0018

w2v-pretrained(248)
  mean                  0.3529  0.1989  0.2921  0.2395  0.2265  0.1333
  std. dev.             0.4954  0.3927  0.3629  0.3571  0.3425   0.335
  weight sum                25     835     368     311     381      80
  precision             0.0019  0.0019  0.0019  0.0019  0.0019  0.0019

w2v-pretrained(249)
  mean                 -0.1856  0.0015  0.0468 -0.0327  0.0221  0.0353
  std. dev.             0.4647  0.4146  0.3657  0.3991  0.4329  0.3665
  weight sum                25     835     368     311     381      80
  precision             0.0018  0.0018  0.0018  0.0018  0.0018  0.0018

w2v-pretrained(250)
  mean                 -0.0867  -0.094 -0.1289 -0.0747 -0.1221 -0.1381
  std. dev.             0.4951  0.3471  0.3899  0.3587  0.3979  0.3517
  weight sum                25     835     368     311     381      80
  precision              0.002   0.002   0.002   0.002   0.002   0.002

w2v-pretrained(251)
  mean                  0.1801  0.0399  0.0403  0.0986  0.0801  0.0728
  std. dev.             0.4245  0.3484   0.332  0.3829  0.3478  0.2768
  weight sum                25     835     368     311     381      80
  precision             0.0019  0.0019  0.0019  0.0019  0.0019  0.0019

w2v-pretrained(252)
  mean                  0.1503  0.1726  0.2763  0.1071  0.0277 -0.0263
  std. dev.             0.4373  0.3367  0.3729  0.3647  0.3567  0.3012
  weight sum                25     835     368     311     381      80
  precision             0.0018  0.0018  0.0018  0.0018  0.0018  0.0018

w2v-pretrained(253)
  mean                  0.2101  0.1957  0.2127  0.1894  0.0946  0.0912
  std. dev.             0.3703  0.3718  0.3511  0.3628  0.3966  0.3595
  weight sum                25     835     368     311     381      80
  precision             0.0019  0.0019  0.0019  0.0019  0.0019  0.0019

w2v-pretrained(254)
  mean                  0.4992  0.3163  0.2284  0.2809  0.2635  0.3261
  std. dev.             0.4525  0.3843  0.3863  0.3697  0.3629  0.3087
  weight sum                25     835     368     311     381      80
  precision              0.002   0.002   0.002   0.002   0.002   0.002

w2v-pretrained(255)
  mean                  0.3366  0.2724  0.2258  0.2543  0.1892  0.1765
  std. dev.             0.5392  0.3411  0.3566  0.3691  0.3782  0.4274
  weight sum                25     835     368     311     381      80
  precision              0.002   0.002   0.002   0.002   0.002   0.002

w2v-pretrained(256)
  mean                 -0.1156 -0.2248 -0.1641  -0.203 -0.1833 -0.2438
  std. dev.             0.5459  0.3939  0.3743  0.3631  0.4089  0.3849
  weight sum                25     835     368     311     381      80
  precision              0.002   0.002   0.002   0.002   0.002   0.002

w2v-pretrained(257)
  mean                  0.1169  0.0473  0.0695  0.1545  0.1578  0.2004
  std. dev.             0.4645  0.3827   0.385  0.3639  0.3934  0.3524
  weight sum                25     835     368     311     381      80
  precision             0.0026  0.0026  0.0026  0.0026  0.0026  0.0026

w2v-pretrained(258)
  mean                     0.2  0.0604  0.1293  0.1606  0.2928  0.2567
  std. dev.             0.3222  0.3728  0.3812   0.383  0.3895  0.3438
  weight sum                25     835     368     311     381      80
  precision              0.002   0.002   0.002   0.002   0.002   0.002

w2v-pretrained(259)
  mean                 -0.3386 -0.2795  -0.313 -0.2964 -0.2716 -0.2463
  std. dev.             0.5089  0.3864  0.3759  0.3847  0.4273  0.3475
  weight sum                25     835     368     311     381      80
  precision             0.0025  0.0025  0.0025  0.0025  0.0025  0.0025

w2v-pretrained(260)
  mean                 -0.1035 -0.2243 -0.2354 -0.2288 -0.1971 -0.2836
  std. dev.             0.4979  0.3731  0.3627  0.3574  0.3961  0.4075
  weight sum                25     835     368     311     381      80
  precision             0.0019  0.0019  0.0019  0.0019  0.0019  0.0019

w2v-pretrained(261)
  mean                   0.099  0.0908  0.0567 -0.0008  0.0094 -0.0747
  std. dev.             0.4247  0.3811  0.3379  0.3153  0.3438  0.3613
  weight sum                25     835     368     311     381      80
  precision             0.0021  0.0021  0.0021  0.0021  0.0021  0.0021

w2v-pretrained(262)
  mean                  0.1928  0.0676  0.0607  0.0609  0.1011  0.1613
  std. dev.             0.4478  0.3623  0.3522  0.3281  0.3348  0.3495
  weight sum                25     835     368     311     381      80
  precision             0.0017  0.0017  0.0017  0.0017  0.0017  0.0017

w2v-pretrained(263)
  mean                 -0.1119 -0.2735 -0.3842 -0.2947 -0.2209 -0.0586
  std. dev.             0.4722  0.3926  0.4392   0.371  0.4563  0.5457
  weight sum                25     835     368     311     381      80
  precision             0.0022  0.0022  0.0022  0.0022  0.0022  0.0022

w2v-pretrained(264)
  mean                  0.1305    0.26  0.3199  0.3567  0.3664   0.338
  std. dev.             0.4823  0.4049  0.4003  0.3625  0.3893  0.4741
  weight sum                25     835     368     311     381      80
  precision              0.002   0.002   0.002   0.002   0.002   0.002

w2v-pretrained(265)
  mean                  0.4314  0.2422  0.2627   0.206  0.1699  0.2132
  std. dev.             0.3976  0.3715  0.3885   0.381  0.3589  0.3145
  weight sum                25     835     368     311     381      80
  precision              0.002   0.002   0.002   0.002   0.002   0.002

w2v-pretrained(266)
  mean                   0.385  0.4853  0.5599  0.4677  0.5394  0.5142
  std. dev.             0.4297  0.3514  0.3527  0.3291  0.3489  0.2901
  weight sum                25     835     368     311     381      80
  precision             0.0016  0.0016  0.0016  0.0016  0.0016  0.0016

w2v-pretrained(267)
  mean                  0.1476 -0.0598 -0.1758 -0.0739  0.0342  0.0731
  std. dev.             0.2587  0.3536  0.3798  0.4013  0.4174  0.3244
  weight sum                25     835     368     311     381      80
  precision             0.0018  0.0018  0.0018  0.0018  0.0018  0.0018

w2v-pretrained(268)
  mean                 -0.0928 -0.0964 -0.1205 -0.1794 -0.0858 -0.0203
  std. dev.             0.2988  0.4165  0.4186   0.423  0.3902  0.3659
  weight sum                25     835     368     311     381      80
  precision             0.0022  0.0022  0.0022  0.0022  0.0022  0.0022

w2v-pretrained(269)
  mean                 -0.2547 -0.4563 -0.5469 -0.4771 -0.4035 -0.4362
  std. dev.             0.4372  0.4159  0.4129   0.402  0.4105  0.3191
  weight sum                25     835     368     311     381      80
  precision             0.0018  0.0018  0.0018  0.0018  0.0018  0.0018

w2v-pretrained(270)
  mean                 -0.2113 -0.1861  -0.136 -0.1906 -0.2024  -0.279
  std. dev.             0.3073  0.3469  0.3286  0.4025  0.3608  0.3657
  weight sum                25     835     368     311     381      80
  precision             0.0017  0.0017  0.0017  0.0017  0.0017  0.0017

w2v-pretrained(271)
  mean                   0.086  0.1751  0.2591  0.2511  0.2345  0.1528
  std. dev.             0.5616  0.3803  0.4054  0.3753  0.3708  0.3545
  weight sum                25     835     368     311     381      80
  precision             0.0022  0.0022  0.0022  0.0022  0.0022  0.0022

w2v-pretrained(272)
  mean                  0.3416  0.4434  0.4384  0.5539  0.5031  0.4504
  std. dev.             0.5523  0.3658  0.4232  0.3886   0.393  0.3146
  weight sum                25     835     368     311     381      80
  precision             0.0017  0.0017  0.0017  0.0017  0.0017  0.0017

w2v-pretrained(273)
  mean                  0.2551  0.3335  0.4985  0.5122  0.3491  0.2987
  std. dev.             0.5513  0.4236  0.4669     0.5  0.4424  0.4148
  weight sum                25     835     368     311     381      80
  precision             0.0026  0.0026  0.0026  0.0026  0.0026  0.0026

w2v-pretrained(274)
  mean                  0.1764  0.1308  0.1942  0.1147  0.0618 -0.0587
  std. dev.             0.5315  0.3484  0.3471  0.3209  0.4107  0.3758
  weight sum                25     835     368     311     381      80
  precision             0.0022  0.0022  0.0022  0.0022  0.0022  0.0022

w2v-pretrained(275)
  mean                  0.4125  0.2807    0.37  0.2161  0.1811  0.0811
  std. dev.             0.5391  0.3508  0.3373  0.3801   0.366  0.3328
  weight sum                25     835     368     311     381      80
  precision              0.002   0.002   0.002   0.002   0.002   0.002

w2v-pretrained(276)
  mean                 -0.2931 -0.1707 -0.1857 -0.2983 -0.2917 -0.2413
  std. dev.             0.4527   0.377  0.3473  0.3568  0.3978  0.3999
  weight sum                25     835     368     311     381      80
  precision             0.0016  0.0016  0.0016  0.0016  0.0016  0.0016

w2v-pretrained(277)
  mean                 -0.3989 -0.3067 -0.3025 -0.3104  -0.281 -0.0666
  std. dev.             0.4415   0.363  0.3668  0.3783  0.4444  0.5054
  weight sum                25     835     368     311     381      80
  precision              0.002   0.002   0.002   0.002   0.002   0.002

w2v-pretrained(278)
  mean                 -0.5841 -0.6272 -0.6173 -0.4835 -0.4546 -0.3252
  std. dev.             0.4606  0.3759  0.3872  0.4273  0.4241  0.6271
  weight sum                25     835     368     311     381      80
  precision             0.0022  0.0022  0.0022  0.0022  0.0022  0.0022

w2v-pretrained(279)
  mean                 -0.2533 -0.1705 -0.2318 -0.1111  -0.085 -0.1035
  std. dev.             0.4542   0.369  0.3681  0.3726  0.3645   0.271
  weight sum                25     835     368     311     381      80
  precision             0.0018  0.0018  0.0018  0.0018  0.0018  0.0018

w2v-pretrained(280)
  mean                  0.3527  0.2686  0.2477  0.2402  0.2193  0.2303
  std. dev.             0.6573   0.517  0.4419  0.4505  0.4392  0.4095
  weight sum                25     835     368     311     381      80
  precision             0.0033  0.0033  0.0033  0.0033  0.0033  0.0033

w2v-pretrained(281)
  mean                  0.1572  0.1485  0.1553  0.1146  0.1708  0.2476
  std. dev.             0.4684  0.3719  0.3555  0.3407   0.364  0.3935
  weight sum                25     835     368     311     381      80
  precision             0.0023  0.0023  0.0023  0.0023  0.0023  0.0023

w2v-pretrained(282)
  mean                  0.2595  0.0963  0.0826  0.0241  0.0273 -0.0935
  std. dev.             0.4244   0.362  0.3966  0.3149  0.3423  0.2988
  weight sum                25     835     368     311     381      80
  precision             0.0017  0.0017  0.0017  0.0017  0.0017  0.0017

w2v-pretrained(283)
  mean                  0.0981  0.1683  0.1135  0.2119  0.1078 -0.0213
  std. dev.             0.4832  0.3702  0.3479  0.3651  0.3984  0.3911
  weight sum                25     835     368     311     381      80
  precision             0.0018  0.0018  0.0018  0.0018  0.0018  0.0018

w2v-pretrained(284)
  mean                   0.308  0.1832  0.2463  0.1491  0.1745  0.2609
  std. dev.             0.5824  0.3781  0.4106  0.3857  0.4109  0.3005
  weight sum                25     835     368     311     381      80
  precision             0.0019  0.0019  0.0019  0.0019  0.0019  0.0019

w2v-pretrained(285)
  mean                 -0.1477 -0.0859 -0.1175   -0.05 -0.0822 -0.1161
  std. dev.             0.3082   0.376  0.4253   0.386  0.4135  0.3377
  weight sum                25     835     368     311     381      80
  precision             0.0021  0.0021  0.0021  0.0021  0.0021  0.0021

w2v-pretrained(286)
  mean                  0.0869  0.0266  0.1041  0.0226  0.0152 -0.0555
  std. dev.             0.5417  0.3627  0.3673  0.3365  0.3584  0.3058
  weight sum                25     835     368     311     381      80
  precision             0.0017  0.0017  0.0017  0.0017  0.0017  0.0017

w2v-pretrained(287)
  mean                  -0.307 -0.3824 -0.4224 -0.3779  -0.382 -0.4555
  std. dev.             0.4622  0.4136  0.3663  0.3687  0.3862  0.3201
  weight sum                25     835     368     311     381      80
  precision             0.0019  0.0019  0.0019  0.0019  0.0019  0.0019

w2v-pretrained(288)
  mean                 -0.1031  -0.065 -0.0093 -0.0948 -0.0177 -0.0086
  std. dev.               0.39  0.3873  0.4193  0.4368   0.412    0.32
  weight sum                25     835     368     311     381      80
  precision             0.0022  0.0022  0.0022  0.0022  0.0022  0.0022

w2v-pretrained(289)
  mean                 -0.1681  0.0145  0.0996  0.0384 -0.0358 -0.2246
  std. dev.             0.3242  0.3606  0.3777  0.3329  0.4029  0.4008
  weight sum                25     835     368     311     381      80
  precision             0.0021  0.0021  0.0021  0.0021  0.0021  0.0021

w2v-pretrained(290)
  mean                 -0.0561 -0.0791    0.01 -0.0526 -0.0692 -0.2277
  std. dev.             0.3846  0.4117  0.4181  0.4729  0.4047   0.405
  weight sum                25     835     368     311     381      80
  precision             0.0022  0.0022  0.0022  0.0022  0.0022  0.0022

w2v-pretrained(291)
  mean                 -0.1192 -0.2632 -0.3624 -0.2501 -0.1334 -0.1218
  std. dev.             0.4781  0.3869  0.3976  0.4305  0.4541  0.4454
  weight sum                25     835     368     311     381      80
  precision             0.0019  0.0019  0.0019  0.0019  0.0019  0.0019

w2v-pretrained(292)
  mean                  0.4219  0.2127   0.148  0.3265   0.258  0.2822
  std. dev.             0.5909  0.3781  0.4163  0.3875  0.4003  0.3739
  weight sum                25     835     368     311     381      80
  precision             0.0016  0.0016  0.0016  0.0016  0.0016  0.0016

w2v-pretrained(293)
  mean                 -0.5372 -0.3818 -0.3327 -0.3423 -0.3416 -0.4805
  std. dev.             0.3574   0.389  0.3533  0.3741  0.3814  0.3919
  weight sum                25     835     368     311     381      80
  precision             0.0028  0.0028  0.0028  0.0028  0.0028  0.0028

w2v-pretrained(294)
  mean                  0.0275  0.0508  0.0747  0.0815   0.094 -0.0469
  std. dev.             0.4284  0.3665  0.3676  0.3383  0.3355  0.3725
  weight sum                25     835     368     311     381      80
  precision             0.0019  0.0019  0.0019  0.0019  0.0019  0.0019

w2v-pretrained(295)
  mean                 -0.3257  -0.213  -0.152 -0.2689 -0.3159 -0.4252
  std. dev.             0.5422  0.3737  0.3729  0.3404  0.3823  0.4895
  weight sum                25     835     368     311     381      80
  precision             0.0019  0.0019  0.0019  0.0019  0.0019  0.0019

w2v-pretrained(296)
  mean                  0.0543  0.0625  0.1192  0.0301 -0.0951  -0.192
  std. dev.             0.4164  0.4267  0.3861  0.3743  0.3945  0.3868
  weight sum                25     835     368     311     381      80
  precision              0.002   0.002   0.002   0.002   0.002   0.002

w2v-pretrained(297)
  mean                 -0.0546 -0.0484  0.0149 -0.0472 -0.1219 -0.1336
  std. dev.             0.4969   0.389  0.3588  0.3602  0.4194  0.3934
  weight sum                25     835     368     311     381      80
  precision             0.0019  0.0019  0.0019  0.0019  0.0019  0.0019

w2v-pretrained(298)
  mean                  -0.402 -0.2169 -0.1936 -0.1917 -0.2813 -0.3019
  std. dev.             0.5671  0.3562  0.3552  0.3643  0.3766  0.3748
  weight sum                25     835     368     311     381      80
  precision             0.0018  0.0018  0.0018  0.0018  0.0018  0.0018

w2v-pretrained(299)
  mean                  0.0847  0.0724  0.0685   0.098  0.1167  0.0411
  std. dev.             0.4942  0.3479  0.3583  0.3277  0.3668  0.3595
  weight sum                25     835     368     311     381      80
  precision              0.002   0.002   0.002   0.002   0.002   0.002

w2v-pretrained(300)
  mean                 -0.0294  0.0066  0.0556 -0.0198 -0.0288 -0.0056
  std. dev.             0.5364  0.4764  0.4412  0.4218  0.4425  0.4473
  weight sum                25     835     368     311     381      80
  precision             0.0022  0.0022  0.0022  0.0022  0.0022  0.0022



Time taken to build model: 1.22 seconds

=== Stratified cross-validation ===
=== Summary ===

Correctly Classified Instances         836               41.8    %
Incorrectly Classified Instances      1164               58.2    %
Kappa statistic                          0.2398
Mean absolute error                      0.1962
Root mean squared error                  0.4135
Relative absolute error                 80.6252 %
Root relative squared error            118.5877 %
Total Number of Instances             2000     

=== Detailed Accuracy By Class ===

                 TP Rate  FP Rate  Precision  Recall   F-Measure  MCC      ROC Area  PRC Area  Class
                 0,320    0,073    0,053      0,320    0,090      0,104    0,675     0,049     1
                 0,505    0,225    0,617      0,505    0,556      0,292    0,703     0,599     2
                 0,448    0,107    0,487      0,448    0,467      0,353    0,728     0,488     3
                 0,363    0,185    0,266      0,363    0,307      0,158    0,657     0,285     4
                 0,257    0,091    0,400      0,257    0,313      0,199    0,649     0,316     5
                 0,375    0,065    0,194      0,375    0,255      0,227    0,750     0,260     6
Weighted Avg.    0,418    0,163    0,473      0,418    0,437      0,260    0,692     0,455     

=== Confusion Matrix ===

   a   b   c   d   e   f   <-- classified as
   8  11   1   2   1   2 |   a = 1
  75 422 121 142  50  25 |   b = 2
  20 105 165  64  12   2 |   c = 3
  18  71  32 113  62  15 |   d = 4
  30  63  18  91  98  81 |   e = 5
   1  12   2  13  22  30 |   f = 6

