=== Run information ===

Scheme:       weka.classifiers.bayes.NaiveBayes 
Relation:     comment-move-2
Instances:    2000
Attributes:   302
              [list of attributes omitted]
Test mode:    10-fold cross-validation

=== Classifier model (full training set) ===

Naive Bayes Classifier

                        Class
Attribute                   1       2       3       4       5       6
                       (0.01)  (0.44)  (0.21)  (0.18)  (0.14)  (0.02)
======================================================================
number_of_tokens
  mean                    23.5  19.304 21.1514 19.2635 20.0352 18.9211
  std. dev.              8.612  8.5844  9.2893  9.0851  8.8735  9.2945
  weight sum                24     885     416     353     284      38
  precision                  1       1       1       1       1       1

w2v-pretrained(1)
  mean                  0.1429  0.1037  0.0972  0.1783   0.205  0.1948
  std. dev.              0.145  0.2657  0.2875   0.234  0.2151  0.2026
  weight sum                24     885     416     353     284      38
  precision             0.0014  0.0014  0.0014  0.0014  0.0014  0.0014

w2v-pretrained(2)
  mean                  0.0636  0.1153  0.1344  0.1374  0.1142  0.0566
  std. dev.             0.1461  0.2064  0.2152   0.194  0.1977  0.2279
  weight sum                24     885     416     353     284      38
  precision             0.0011  0.0011  0.0011  0.0011  0.0011  0.0011

w2v-pretrained(3)
  mean                  0.0606  0.0486  0.0475   0.076  0.0776  0.0997
  std. dev.             0.1614   0.234  0.2007  0.2167   0.214  0.1772
  weight sum                24     885     416     353     284      38
  precision             0.0011  0.0011  0.0011  0.0011  0.0011  0.0011

w2v-pretrained(4)
  mean                  0.4017  0.3507   0.389  0.3648  0.3601  0.3801
  std. dev.             0.1666  0.2415  0.2266  0.2094  0.2525  0.2223
  weight sum                24     885     416     353     284      38
  precision             0.0016  0.0016  0.0016  0.0016  0.0016  0.0016

w2v-pretrained(5)
  mean                 -0.2145 -0.2136 -0.2568 -0.2679 -0.2751 -0.2139
  std. dev.             0.1897  0.2422  0.2135  0.2068  0.2038  0.2079
  weight sum                24     885     416     353     284      38
  precision             0.0015  0.0015  0.0015  0.0015  0.0015  0.0015

w2v-pretrained(6)
  mean                 -0.0094  0.0109  0.0418  0.0296 -0.0031 -0.0024
  std. dev.             0.1887  0.2361  0.2142  0.2178  0.2348  0.2031
  weight sum                24     885     416     353     284      38
  precision             0.0014  0.0014  0.0014  0.0014  0.0014  0.0014

w2v-pretrained(7)
  mean                  0.1646  0.0967  0.1953  0.2248  0.2043  0.1868
  std. dev.             0.2442  0.2661  0.2441  0.2294  0.2131  0.2233
  weight sum                24     885     416     353     284      38
  precision             0.0013  0.0013  0.0013  0.0013  0.0013  0.0013

w2v-pretrained(8)
  mean                 -0.2825 -0.3198 -0.3263 -0.2817 -0.3353 -0.3964
  std. dev.             0.1879  0.2388  0.2501  0.2009  0.2238  0.2306
  weight sum                24     885     416     353     284      38
  precision             0.0012  0.0012  0.0012  0.0012  0.0012  0.0012

w2v-pretrained(9)
  mean                  0.3771  0.3362  0.3597  0.3394  0.3748  0.4257
  std. dev.             0.1087  0.2405  0.2566  0.2154  0.2004  0.1646
  weight sum                24     885     416     353     284      38
  precision             0.0016  0.0016  0.0016  0.0016  0.0016  0.0016

w2v-pretrained(10)
  mean                  0.3501  0.3315  0.2977  0.3287  0.3681  0.4103
  std. dev.             0.2787  0.2157  0.2218  0.2071  0.2069  0.2335
  weight sum                24     885     416     353     284      38
  precision             0.0009  0.0009  0.0009  0.0009  0.0009  0.0009

w2v-pretrained(11)
  mean                 -0.2609 -0.2628 -0.2832 -0.2621 -0.2366 -0.2268
  std. dev.             0.1838  0.2248  0.2339  0.2273  0.1785  0.1744
  weight sum                24     885     416     353     284      38
  precision             0.0016  0.0016  0.0016  0.0016  0.0016  0.0016

w2v-pretrained(12)
  mean                 -0.4155 -0.3818 -0.3606 -0.3988 -0.4557 -0.5829
  std. dev.             0.1977  0.2511  0.2426  0.2415  0.2285  0.2288
  weight sum                24     885     416     353     284      38
  precision             0.0016  0.0016  0.0016  0.0016  0.0016  0.0016

w2v-pretrained(13)
  mean                 -0.1667  -0.172 -0.1613 -0.1249 -0.1091  -0.144
  std. dev.             0.1468  0.2951  0.2367   0.237  0.1908  0.1457
  weight sum                24     885     416     353     284      38
  precision             0.0018  0.0018  0.0018  0.0018  0.0018  0.0018

w2v-pretrained(14)
  mean                  0.1868  0.1682   0.122  0.1645  0.2061  0.2018
  std. dev.             0.1706  0.2468  0.2589   0.215  0.2206  0.2163
  weight sum                24     885     416     353     284      38
  precision              0.001   0.001   0.001   0.001   0.001   0.001

w2v-pretrained(15)
  mean                 -0.3943 -0.4598 -0.5033 -0.5258 -0.4986 -0.4571
  std. dev.             0.1596  0.2163  0.2182  0.2258   0.196  0.1775
  weight sum                24     885     416     353     284      38
  precision             0.0012  0.0012  0.0012  0.0012  0.0012  0.0012

w2v-pretrained(16)
  mean                   0.175  0.1973  0.2255  0.2518  0.2444  0.3105
  std. dev.             0.2259   0.246  0.2385  0.2536  0.2298   0.226
  weight sum                24     885     416     353     284      38
  precision             0.0013  0.0013  0.0013  0.0013  0.0013  0.0013

w2v-pretrained(17)
  mean                   0.222  0.2431  0.2492   0.277   0.288  0.3778
  std. dev.             0.1346  0.2594  0.2266  0.2523  0.2692  0.2195
  weight sum                24     885     416     353     284      38
  precision             0.0019  0.0019  0.0019  0.0019  0.0019  0.0019

w2v-pretrained(18)
  mean                   0.427  0.4387  0.4298  0.4162   0.394  0.3561
  std. dev.             0.2167   0.271  0.2227  0.2305  0.2264  0.2163
  weight sum                24     885     416     353     284      38
  precision             0.0012  0.0012  0.0012  0.0012  0.0012  0.0012

w2v-pretrained(19)
  mean                 -0.0069 -0.0545 -0.0098  -0.006  0.0073  0.0341
  std. dev.             0.2136  0.2258  0.2263  0.2028  0.2196  0.1621
  weight sum                24     885     416     353     284      38
  precision             0.0011  0.0011  0.0011  0.0011  0.0011  0.0011

w2v-pretrained(20)
  mean                 -0.3113  -0.306 -0.2976 -0.3036 -0.3306 -0.3589
  std. dev.             0.1988  0.2207  0.2213  0.2119  0.2056  0.1927
  weight sum                24     885     416     353     284      38
  precision             0.0014  0.0014  0.0014  0.0014  0.0014  0.0014

w2v-pretrained(21)
  mean                  0.0634 -0.0392 -0.0491 -0.0395  0.0195  0.0227
  std. dev.             0.1808  0.2689  0.2593   0.279  0.2339  0.1995
  weight sum                24     885     416     353     284      38
  precision             0.0016  0.0016  0.0016  0.0016  0.0016  0.0016

w2v-pretrained(22)
  mean                  0.1186  0.0616  0.0814  0.0883  0.1128  0.2199
  std. dev.              0.202  0.2735  0.2441  0.2497  0.2191  0.2386
  weight sum                24     885     416     353     284      38
  precision             0.0014  0.0014  0.0014  0.0014  0.0014  0.0014

w2v-pretrained(23)
  mean                  0.1721  0.1785  0.1946  0.2161  0.2324  0.3117
  std. dev.             0.2174  0.3111   0.294  0.2873  0.2715  0.2276
  weight sum                24     885     416     353     284      38
  precision             0.0017  0.0017  0.0017  0.0017  0.0017  0.0017

w2v-pretrained(24)
  mean                 -0.0393 -0.0117 -0.0102  0.0035 -0.0015 -0.0389
  std. dev.              0.211  0.2152  0.2134  0.1935  0.2035  0.1807
  weight sum                24     885     416     353     284      38
  precision              0.001   0.001   0.001   0.001   0.001   0.001

w2v-pretrained(25)
  mean                  0.1562  0.0988  0.0678  0.1544  0.2114  0.2884
  std. dev.             0.2108  0.2566  0.2341  0.2341  0.2241  0.1857
  weight sum                24     885     416     353     284      38
  precision             0.0012  0.0012  0.0012  0.0012  0.0012  0.0012

w2v-pretrained(26)
  mean                 -0.0403  0.0015  -0.017 -0.0214  0.0036 -0.0031
  std. dev.             0.1624   0.244  0.1962  0.2125  0.2003  0.1845
  weight sum                24     885     416     353     284      38
  precision             0.0015  0.0015  0.0015  0.0015  0.0015  0.0015

w2v-pretrained(27)
  mean                 -0.4229 -0.4957 -0.4773 -0.4276 -0.4011 -0.3911
  std. dev.             0.2565  0.2998   0.284  0.2464  0.2446  0.1815
  weight sum                24     885     416     353     284      38
  precision             0.0016  0.0016  0.0016  0.0016  0.0016  0.0016

w2v-pretrained(28)
  mean                  0.2019   0.199  0.2134  0.1565  0.1027  0.0399
  std. dev.             0.2726  0.2696  0.2321  0.2174  0.2116   0.211
  weight sum                24     885     416     353     284      38
  precision             0.0013  0.0013  0.0013  0.0013  0.0013  0.0013

w2v-pretrained(29)
  mean                   0.105  0.0936  0.0821  0.1047  0.1357  0.1088
  std. dev.             0.1936  0.2035  0.1865   0.202  0.1986  0.1703
  weight sum                24     885     416     353     284      38
  precision             0.0012  0.0012  0.0012  0.0012  0.0012  0.0012

w2v-pretrained(30)
  mean                 -0.0276  0.0555   0.067   0.102  0.0832  0.0483
  std. dev.             0.2037  0.2276  0.2519  0.2154  0.2054  0.1889
  weight sum                24     885     416     353     284      38
  precision             0.0013  0.0013  0.0013  0.0013  0.0013  0.0013

w2v-pretrained(31)
  mean                 -0.0572  -0.003 -0.0588 -0.0225  -0.076 -0.1447
  std. dev.             0.1976  0.2291  0.2575  0.2405  0.2289  0.1599
  weight sum                24     885     416     353     284      38
  precision             0.0014  0.0014  0.0014  0.0014  0.0014  0.0014

w2v-pretrained(32)
  mean                  0.0267  0.0409  0.0758   0.122  0.1057  0.1498
  std. dev.             0.1766  0.2481  0.2243    0.23  0.2096  0.1665
  weight sum                24     885     416     353     284      38
  precision             0.0014  0.0014  0.0014  0.0014  0.0014  0.0014

w2v-pretrained(33)
  mean                 -0.1331  -0.091 -0.1151 -0.0976 -0.1426 -0.0856
  std. dev.             0.1463  0.2269  0.2414  0.2102   0.192  0.1966
  weight sum                24     885     416     353     284      38
  precision             0.0011  0.0011  0.0011  0.0011  0.0011  0.0011

w2v-pretrained(34)
  mean                 -0.0883 -0.1012 -0.1338 -0.1327 -0.0954 -0.0599
  std. dev.               0.22  0.2607  0.2594   0.247  0.2073   0.186
  weight sum                24     885     416     353     284      38
  precision             0.0012  0.0012  0.0012  0.0012  0.0012  0.0012

w2v-pretrained(35)
  mean                 -0.1362 -0.1134 -0.0793 -0.0313  0.0272  0.0639
  std. dev.             0.2658  0.3087   0.262  0.2671  0.2409  0.2496
  weight sum                24     885     416     353     284      38
  precision             0.0014  0.0014  0.0014  0.0014  0.0014  0.0014

w2v-pretrained(36)
  mean                 -0.1061  -0.006  0.0025 -0.0128 -0.0245 -0.0073
  std. dev.             0.1425  0.2249   0.213  0.1978  0.2011  0.1759
  weight sum                24     885     416     353     284      38
  precision             0.0013  0.0013  0.0013  0.0013  0.0013  0.0013

w2v-pretrained(37)
  mean                  0.0105 -0.0219  0.0125  0.0603  0.0563  0.0475
  std. dev.             0.2222  0.2771  0.2587   0.245  0.1943  0.1644
  weight sum                24     885     416     353     284      38
  precision             0.0016  0.0016  0.0016  0.0016  0.0016  0.0016

w2v-pretrained(38)
  mean                  0.1274  0.1608  0.1421  0.1241  0.0955  0.0449
  std. dev.             0.2359    0.29  0.2695  0.2533  0.2259  0.1652
  weight sum                24     885     416     353     284      38
  precision             0.0014  0.0014  0.0014  0.0014  0.0014  0.0014

w2v-pretrained(39)
  mean                  0.1097   0.151  0.1577  0.1655  0.1752  0.2002
  std. dev.             0.1883   0.211   0.196  0.1956  0.2143  0.1653
  weight sum                24     885     416     353     284      38
  precision             0.0014  0.0014  0.0014  0.0014  0.0014  0.0014

w2v-pretrained(40)
  mean                  0.2756  0.1869  0.1763  0.1664  0.1822  0.2494
  std. dev.             0.1931  0.2416  0.2421  0.2288  0.2573  0.2288
  weight sum                24     885     416     353     284      38
  precision             0.0016  0.0016  0.0016  0.0016  0.0016  0.0016

w2v-pretrained(41)
  mean                  0.4995   0.456    0.46  0.5087  0.5116  0.4988
  std. dev.             0.1838  0.2516  0.2985  0.2274  0.1966  0.1775
  weight sum                24     885     416     353     284      38
  precision             0.0013  0.0013  0.0013  0.0013  0.0013  0.0013

w2v-pretrained(42)
  mean                 -0.1526 -0.1663 -0.1451 -0.1937 -0.2094 -0.2684
  std. dev.             0.1829  0.2272  0.2174  0.2158  0.2021  0.2156
  weight sum                24     885     416     353     284      38
  precision             0.0012  0.0012  0.0012  0.0012  0.0012  0.0012

w2v-pretrained(43)
  mean                  0.5686   0.546  0.5261  0.5672   0.601  0.6451
  std. dev.             0.2126   0.273  0.2904  0.2608  0.2586  0.2306
  weight sum                24     885     416     353     284      38
  precision             0.0012  0.0012  0.0012  0.0012  0.0012  0.0012

w2v-pretrained(44)
  mean                 -0.1224   -0.06 -0.0596 -0.1087 -0.1896 -0.2132
  std. dev.             0.1775    0.27  0.2674  0.2248  0.2161  0.2107
  weight sum                24     885     416     353     284      38
  precision             0.0014  0.0014  0.0014  0.0014  0.0014  0.0014

w2v-pretrained(45)
  mean                  -0.213 -0.1415 -0.1826 -0.1693 -0.1671 -0.1177
  std. dev.             0.1403   0.232  0.2409  0.1998  0.1866  0.2261
  weight sum                24     885     416     353     284      38
  precision              0.001   0.001   0.001   0.001   0.001   0.001

w2v-pretrained(46)
  mean                 -0.1834 -0.2376 -0.2327 -0.2107 -0.1771 -0.1059
  std. dev.             0.1676  0.2416  0.2308  0.2344  0.2167  0.1976
  weight sum                24     885     416     353     284      38
  precision             0.0013  0.0013  0.0013  0.0013  0.0013  0.0013

w2v-pretrained(47)
  mean                 -0.0865 -0.0774 -0.0969 -0.1079 -0.1076 -0.0935
  std. dev.             0.1445  0.2286  0.2222  0.2043  0.1964  0.1615
  weight sum                24     885     416     353     284      38
  precision             0.0014  0.0014  0.0014  0.0014  0.0014  0.0014

w2v-pretrained(48)
  mean                 -0.0641 -0.0701 -0.0312 -0.0415 -0.0294 -0.0563
  std. dev.              0.215  0.2809  0.2363  0.2751  0.2212  0.1453
  weight sum                24     885     416     353     284      38
  precision             0.0018  0.0018  0.0018  0.0018  0.0018  0.0018

w2v-pretrained(49)
  mean                  0.0915  0.0105 -0.0276  0.0258  0.0345  0.0254
  std. dev.              0.168  0.2595  0.2438  0.2113  0.2237  0.1725
  weight sum                24     885     416     353     284      38
  precision             0.0012  0.0012  0.0012  0.0012  0.0012  0.0012

w2v-pretrained(50)
  mean                  0.1079  0.1206  0.0823  0.1198  0.1301  0.1305
  std. dev.             0.1565  0.2314  0.2027  0.2316  0.2361   0.124
  weight sum                24     885     416     353     284      38
  precision             0.0013  0.0013  0.0013  0.0013  0.0013  0.0013

w2v-pretrained(51)
  mean                 -0.0616 -0.0294  0.0234  0.0078 -0.0174 -0.0532
  std. dev.             0.2838   0.301  0.2599  0.2598  0.2392  0.2027
  weight sum                24     885     416     353     284      38
  precision             0.0014  0.0014  0.0014  0.0014  0.0014  0.0014

w2v-pretrained(52)
  mean                  0.3446  0.3477  0.2751  0.2862  0.2994  0.3358
  std. dev.             0.2004  0.2784  0.2635  0.2608  0.2342  0.1993
  weight sum                24     885     416     353     284      38
  precision             0.0015  0.0015  0.0015  0.0015  0.0015  0.0015

w2v-pretrained(53)
  mean                  0.0156 -0.0208 -0.0375 -0.0345 -0.0055  0.0092
  std. dev.             0.1621  0.2289  0.1967  0.1984   0.203  0.2125
  weight sum                24     885     416     353     284      38
  precision             0.0014  0.0014  0.0014  0.0014  0.0014  0.0014

w2v-pretrained(54)
  mean                 -0.1605 -0.0866 -0.0878 -0.1495 -0.1707 -0.0795
  std. dev.             0.1415  0.2718  0.2742  0.2413  0.2168  0.2001
  weight sum                24     885     416     353     284      38
  precision             0.0014  0.0014  0.0014  0.0014  0.0014  0.0014

w2v-pretrained(55)
  mean                 -0.1307 -0.1191 -0.0526 -0.0935 -0.1255 -0.1471
  std. dev.              0.172  0.2272  0.2621  0.1988  0.2294  0.1681
  weight sum                24     885     416     353     284      38
  precision             0.0012  0.0012  0.0012  0.0012  0.0012  0.0012

w2v-pretrained(56)
  mean                  0.2345   0.196  0.2012  0.1897  0.1794  0.1558
  std. dev.             0.1564  0.2403  0.2496  0.2198  0.2147  0.2411
  weight sum                24     885     416     353     284      38
  precision             0.0015  0.0015  0.0015  0.0015  0.0015  0.0015

w2v-pretrained(57)
  mean                 -0.1518 -0.1997 -0.1917 -0.1432 -0.1141 -0.1024
  std. dev.             0.1781  0.2695  0.2675  0.2498  0.2515  0.1725
  weight sum                24     885     416     353     284      38
  precision             0.0012  0.0012  0.0012  0.0012  0.0012  0.0012

w2v-pretrained(58)
  mean                 -0.4103  -0.395  -0.366 -0.3952 -0.3773 -0.2988
  std. dev.             0.1724  0.2336  0.2323  0.2075  0.2356   0.183
  weight sum                24     885     416     353     284      38
  precision             0.0017  0.0017  0.0017  0.0017  0.0017  0.0017

w2v-pretrained(59)
  mean                  0.1391  0.1287  0.1675  0.1628  0.1581  0.2047
  std. dev.              0.134  0.2037   0.221  0.1855  0.1928  0.1848
  weight sum                24     885     416     353     284      38
  precision             0.0012  0.0012  0.0012  0.0012  0.0012  0.0012

w2v-pretrained(60)
  mean                 -0.3559 -0.3729 -0.3411 -0.3622  -0.345  -0.428
  std. dev.             0.1861  0.2333  0.2158  0.2019  0.1915  0.1336
  weight sum                24     885     416     353     284      38
  precision             0.0012  0.0012  0.0012  0.0012  0.0012  0.0012

w2v-pretrained(61)
  mean                 -0.2098   -0.25 -0.2274 -0.1679 -0.1492 -0.1284
  std. dev.             0.1963   0.256  0.2296   0.258  0.2501  0.2332
  weight sum                24     885     416     353     284      38
  precision             0.0015  0.0015  0.0015  0.0015  0.0015  0.0015

w2v-pretrained(62)
  mean                  0.1883  0.2298  0.1653  0.2598  0.2778  0.2844
  std. dev.             0.1758  0.2393  0.2396  0.2317  0.2393  0.2019
  weight sum                24     885     416     353     284      38
  precision             0.0015  0.0015  0.0015  0.0015  0.0015  0.0015

w2v-pretrained(63)
  mean                 -0.3552 -0.4028 -0.4008 -0.3897 -0.3609  -0.366
  std. dev.             0.1684  0.2227  0.2033  0.2024  0.1811  0.2091
  weight sum                24     885     416     353     284      38
  precision              0.001   0.001   0.001   0.001   0.001   0.001

w2v-pretrained(64)
  mean                 -0.3266 -0.3008 -0.2881 -0.3286 -0.3391 -0.3925
  std. dev.             0.2367  0.2104  0.2145  0.2031  0.1863  0.2052
  weight sum                24     885     416     353     284      38
  precision              0.001   0.001   0.001   0.001   0.001   0.001

w2v-pretrained(65)
  mean                 -0.0015  -0.043 -0.0581   -0.09 -0.1194 -0.1739
  std. dev.              0.173  0.2249  0.2188  0.1964   0.196  0.1922
  weight sum                24     885     416     353     284      38
  precision             0.0014  0.0014  0.0014  0.0014  0.0014  0.0014

w2v-pretrained(66)
  mean                 -0.2019 -0.1592 -0.1511 -0.1139 -0.1177 -0.1448
  std. dev.             0.2764  0.3414  0.2778  0.2356  0.2511  0.1881
  weight sum                24     885     416     353     284      38
  precision             0.0017  0.0017  0.0017  0.0017  0.0017  0.0017

w2v-pretrained(67)
  mean                 -0.1308 -0.1032 -0.1434 -0.1219 -0.0759 -0.1078
  std. dev.               0.18  0.2231  0.2165  0.2087   0.208  0.1848
  weight sum                24     885     416     353     284      38
  precision              0.001   0.001   0.001   0.001   0.001   0.001

w2v-pretrained(68)
  mean                  0.2152  0.2309  0.2686  0.3298  0.3586  0.3684
  std. dev.             0.2332  0.2822  0.2913  0.2404  0.2346  0.1489
  weight sum                24     885     416     353     284      38
  precision             0.0012  0.0012  0.0012  0.0012  0.0012  0.0012

w2v-pretrained(69)
  mean                  -0.204 -0.1675 -0.1568 -0.2217 -0.2538 -0.2512
  std. dev.             0.2063  0.2456  0.2619  0.2472  0.2189  0.2202
  weight sum                24     885     416     353     284      38
  precision             0.0015  0.0015  0.0015  0.0015  0.0015  0.0015

w2v-pretrained(70)
  mean                     0.5   0.487   0.467  0.4233  0.4572  0.4133
  std. dev.             0.1591  0.2694  0.2493  0.2267  0.2339   0.207
  weight sum                24     885     416     353     284      38
  precision             0.0015  0.0015  0.0015  0.0015  0.0015  0.0015

w2v-pretrained(71)
  mean                  0.1305  0.1483  0.1498  0.1622  0.1297  0.1582
  std. dev.             0.1927  0.2375  0.2094  0.1974  0.2309  0.2424
  weight sum                24     885     416     353     284      38
  precision             0.0017  0.0017  0.0017  0.0017  0.0017  0.0017

w2v-pretrained(72)
  mean                  0.1525  0.0755   0.099   0.112  0.1126  0.1061
  std. dev.             0.1734   0.245  0.2098  0.2297  0.1965  0.2192
  weight sum                24     885     416     353     284      38
  precision             0.0016  0.0016  0.0016  0.0016  0.0016  0.0016

w2v-pretrained(73)
  mean                  0.3497  0.3512  0.3469  0.3333  0.3028  0.2804
  std. dev.             0.2062  0.2242  0.2231  0.2017   0.237  0.2179
  weight sum                24     885     416     353     284      38
  precision             0.0016  0.0016  0.0016  0.0016  0.0016  0.0016

w2v-pretrained(74)
  mean                 -0.1091 -0.0609 -0.0379 -0.0299 -0.0533 -0.0215
  std. dev.             0.1689  0.2375  0.2218  0.2332  0.2035  0.2013
  weight sum                24     885     416     353     284      38
  precision             0.0012  0.0012  0.0012  0.0012  0.0012  0.0012

w2v-pretrained(75)
  mean                 -0.5169 -0.4714  -0.519 -0.5127 -0.5055 -0.5755
  std. dev.             0.1924  0.2253  0.2538   0.229  0.1905  0.1489
  weight sum                24     885     416     353     284      38
  precision             0.0012  0.0012  0.0012  0.0012  0.0012  0.0012

w2v-pretrained(76)
  mean                 -0.3576 -0.3295 -0.3555 -0.3186 -0.2831 -0.1535
  std. dev.             0.1769  0.2397  0.2437  0.2279  0.2333  0.2321
  weight sum                24     885     416     353     284      38
  precision             0.0013  0.0013  0.0013  0.0013  0.0013  0.0013

w2v-pretrained(77)
  mean                  0.2685  0.3819  0.3732  0.3906   0.368  0.4043
  std. dev.             0.1905  0.2116   0.206  0.1993  0.2062  0.1917
  weight sum                24     885     416     353     284      38
  precision             0.0011  0.0011  0.0011  0.0011  0.0011  0.0011

w2v-pretrained(78)
  mean                  0.3118  0.2721   0.289  0.3594  0.3574  0.3805
  std. dev.             0.2033  0.2415  0.2619  0.2053  0.2091  0.1971
  weight sum                24     885     416     353     284      38
  precision             0.0011  0.0011  0.0011  0.0011  0.0011  0.0011

w2v-pretrained(79)
  mean                  0.1405  0.0541   0.115  0.1343  0.1047   0.129
  std. dev.             0.1954  0.2064  0.2094   0.179  0.1737  0.1496
  weight sum                24     885     416     353     284      38
  precision              0.001   0.001   0.001   0.001   0.001   0.001

w2v-pretrained(80)
  mean                  0.3364  0.2754  0.3579  0.3984  0.4073  0.4386
  std. dev.             0.1793  0.2899   0.277  0.2979  0.2361  0.2126
  weight sum                24     885     416     353     284      38
  precision             0.0018  0.0018  0.0018  0.0018  0.0018  0.0018

w2v-pretrained(81)
  mean                  0.0467  0.0712  0.0951  0.1123  0.0854  0.0793
  std. dev.             0.2151   0.278  0.2463  0.2281  0.2238  0.2131
  weight sum                24     885     416     353     284      38
  precision             0.0018  0.0018  0.0018  0.0018  0.0018  0.0018

w2v-pretrained(82)
  mean                 -0.1408 -0.1381 -0.1461 -0.1454 -0.1626 -0.2031
  std. dev.             0.2012  0.2307  0.2096  0.2037  0.1718  0.1538
  weight sum                24     885     416     353     284      38
  precision             0.0011  0.0011  0.0011  0.0011  0.0011  0.0011

w2v-pretrained(83)
  mean                  0.2074  0.1591  0.1635  0.1757  0.1957  0.2131
  std. dev.             0.1803  0.2228  0.1964  0.1934  0.1787  0.1666
  weight sum                24     885     416     353     284      38
  precision             0.0013  0.0013  0.0013  0.0013  0.0013  0.0013

w2v-pretrained(84)
  mean                 -0.0211  0.0256  0.0638  0.0188 -0.0092   0.016
  std. dev.             0.1461  0.2169  0.2174  0.1936  0.2187  0.1649
  weight sum                24     885     416     353     284      38
  precision             0.0016  0.0016  0.0016  0.0016  0.0016  0.0016

w2v-pretrained(85)
  mean                  0.0437  0.0729  0.0604 -0.0205  0.0288 -0.0126
  std. dev.             0.2272  0.2823  0.3537  0.2697  0.2506  0.2395
  weight sum                24     885     416     353     284      38
  precision             0.0013  0.0013  0.0013  0.0013  0.0013  0.0013

w2v-pretrained(86)
  mean                 -0.0111 -0.1216 -0.1432 -0.2021 -0.2294 -0.2741
  std. dev.             0.1997  0.2681  0.2189  0.2212  0.2629   0.229
  weight sum                24     885     416     353     284      38
  precision             0.0016  0.0016  0.0016  0.0016  0.0016  0.0016

w2v-pretrained(87)
  mean                 -0.3527 -0.3593 -0.3687 -0.3611 -0.3453 -0.4057
  std. dev.             0.2108  0.2271  0.2061  0.2007  0.2022  0.1739
  weight sum                24     885     416     353     284      38
  precision             0.0016  0.0016  0.0016  0.0016  0.0016  0.0016

w2v-pretrained(88)
  mean                  0.3805   0.457  0.5075  0.4802  0.4638  0.4944
  std. dev.             0.1502  0.2796  0.2434   0.274  0.2081   0.208
  weight sum                24     885     416     353     284      38
  precision             0.0015  0.0015  0.0015  0.0015  0.0015  0.0015

w2v-pretrained(89)
  mean                  0.1094  0.1413   0.153  0.1166  0.0984   0.078
  std. dev.             0.2215  0.2693   0.292  0.2515   0.272  0.2133
  weight sum                24     885     416     353     284      38
  precision             0.0015  0.0015  0.0015  0.0015  0.0015  0.0015

w2v-pretrained(90)
  mean                  0.0954  0.1398  0.1432  0.1175  0.0604  0.0087
  std. dev.             0.2237  0.2228  0.2009  0.1989  0.1841  0.2156
  weight sum                24     885     416     353     284      38
  precision             0.0012  0.0012  0.0012  0.0012  0.0012  0.0012

w2v-pretrained(91)
  mean                  0.0595  0.1132  0.1686  0.1674  0.1811  0.1905
  std. dev.             0.1446  0.2502  0.2456    0.22  0.2059  0.2159
  weight sum                24     885     416     353     284      38
  precision             0.0014  0.0014  0.0014  0.0014  0.0014  0.0014

w2v-pretrained(92)
  mean                  0.0643  0.0154  0.0179  0.0613  0.0778  0.1528
  std. dev.             0.2385  0.2529  0.2422  0.2353  0.2661  0.1669
  weight sum                24     885     416     353     284      38
  precision              0.001   0.001   0.001   0.001   0.001   0.001

w2v-pretrained(93)
  mean                 -0.2872 -0.3246 -0.3558 -0.3109 -0.2917 -0.2682
  std. dev.             0.2114  0.2159  0.1943  0.2051  0.1765  0.1623
  weight sum                24     885     416     353     284      38
  precision             0.0014  0.0014  0.0014  0.0014  0.0014  0.0014

w2v-pretrained(94)
  mean                 -0.2935 -0.2104 -0.2268 -0.2498 -0.2403 -0.2449
  std. dev.             0.1968  0.2564  0.2677  0.2157  0.2329  0.2232
  weight sum                24     885     416     353     284      38
  precision             0.0012  0.0012  0.0012  0.0012  0.0012  0.0012

w2v-pretrained(95)
  mean                  0.0376  0.0697  0.0693  0.0753  0.0558 -0.0789
  std. dev.             0.3004  0.2133  0.2206  0.1982  0.1998  0.1591
  weight sum                24     885     416     353     284      38
  precision             0.0011  0.0011  0.0011  0.0011  0.0011  0.0011

w2v-pretrained(96)
  mean                 -0.1961 -0.2578 -0.2965 -0.3329 -0.3599 -0.4066
  std. dev.             0.2141  0.2888  0.2596  0.2355  0.2405  0.2143
  weight sum                24     885     416     353     284      38
  precision             0.0015  0.0015  0.0015  0.0015  0.0015  0.0015

w2v-pretrained(97)
  mean                  0.0697  0.0593  0.0678  0.1105  0.1109  0.1111
  std. dev.             0.1951  0.2195  0.2164  0.2059  0.2123  0.2452
  weight sum                24     885     416     353     284      38
  precision             0.0012  0.0012  0.0012  0.0012  0.0012  0.0012

w2v-pretrained(98)
  mean                    0.05  0.0562  0.0949  0.1453  0.1535  0.2245
  std. dev.             0.2055  0.2373  0.2353  0.2268  0.2178  0.2069
  weight sum                24     885     416     353     284      38
  precision             0.0015  0.0015  0.0015  0.0015  0.0015  0.0015

w2v-pretrained(99)
  mean                  0.0862  0.0617  0.0341  0.0023 -0.0099 -0.0128
  std. dev.             0.2629  0.3082  0.2619  0.2169  0.1991  0.1991
  weight sum                24     885     416     353     284      38
  precision             0.0015  0.0015  0.0015  0.0015  0.0015  0.0015

w2v-pretrained(100)
  mean                  0.0186 -0.0232  0.0042  -0.039 -0.0377 -0.0416
  std. dev.             0.1636  0.2297  0.2182  0.2139  0.2074  0.1712
  weight sum                24     885     416     353     284      38
  precision              0.001   0.001   0.001   0.001   0.001   0.001

w2v-pretrained(101)
  mean                 -0.1167 -0.1273 -0.0949 -0.1346 -0.1175  -0.133
  std. dev.             0.2117  0.2122  0.2131  0.2092  0.1998  0.1917
  weight sum                24     885     416     353     284      38
  precision             0.0012  0.0012  0.0012  0.0012  0.0012  0.0012

w2v-pretrained(102)
  mean                  -0.199 -0.2031 -0.1863  -0.165 -0.1902 -0.1582
  std. dev.              0.213  0.2281  0.2114  0.1981  0.1934  0.1903
  weight sum                24     885     416     353     284      38
  precision              0.001   0.001   0.001   0.001   0.001   0.001

w2v-pretrained(103)
  mean                  0.0503  0.0133   0.046  0.0524  0.0918  0.1682
  std. dev.              0.209  0.2203  0.2336   0.181  0.1962  0.1614
  weight sum                24     885     416     353     284      38
  precision             0.0013  0.0013  0.0013  0.0013  0.0013  0.0013

w2v-pretrained(104)
  mean                  0.0354 -0.0014  0.0482  0.0387  0.0479  0.0371
  std. dev.             0.2277  0.2122  0.2068  0.2032  0.2155  0.1815
  weight sum                24     885     416     353     284      38
  precision             0.0013  0.0013  0.0013  0.0013  0.0013  0.0013

w2v-pretrained(105)
  mean                 -0.1574 -0.2139 -0.1866 -0.2317 -0.2188  -0.224
  std. dev.             0.1808  0.2373  0.2222  0.2167   0.202  0.2147
  weight sum                24     885     416     353     284      38
  precision             0.0009  0.0009  0.0009  0.0009  0.0009  0.0009

w2v-pretrained(106)
  mean                 -0.1914 -0.1181 -0.1291 -0.1511 -0.1682 -0.1239
  std. dev.             0.1736  0.2849  0.2612  0.2251  0.1973  0.2369
  weight sum                24     885     416     353     284      38
  precision             0.0022  0.0022  0.0022  0.0022  0.0022  0.0022

w2v-pretrained(107)
  mean                 -0.1723 -0.1312 -0.1345 -0.1041  -0.099 -0.0711
  std. dev.             0.1828  0.2146  0.2208  0.2189  0.2318  0.1858
  weight sum                24     885     416     353     284      38
  precision             0.0013  0.0013  0.0013  0.0013  0.0013  0.0013

w2v-pretrained(108)
  mean                 -0.2058 -0.1568 -0.2014 -0.2426 -0.2644 -0.3192
  std. dev.             0.1432  0.2681   0.233  0.2366  0.2297  0.2011
  weight sum                24     885     416     353     284      38
  precision             0.0015  0.0015  0.0015  0.0015  0.0015  0.0015

w2v-pretrained(109)
  mean                  0.0692  0.0909  0.0901  0.1107  0.1176  0.1118
  std. dev.             0.1905   0.224  0.2033  0.1962  0.2077  0.1887
  weight sum                24     885     416     353     284      38
  precision             0.0013  0.0013  0.0013  0.0013  0.0013  0.0013

w2v-pretrained(110)
  mean                 -0.1556 -0.1243 -0.1386 -0.1544 -0.1565 -0.1875
  std. dev.             0.1965  0.2336  0.2303  0.2178  0.1913  0.1576
  weight sum                24     885     416     353     284      38
  precision             0.0013  0.0013  0.0013  0.0013  0.0013  0.0013

w2v-pretrained(111)
  mean                 -0.0986 -0.1139 -0.1537  -0.111 -0.0916 -0.1172
  std. dev.             0.2251  0.2471  0.2436  0.2317   0.201  0.2124
  weight sum                24     885     416     353     284      38
  precision              0.001   0.001   0.001   0.001   0.001   0.001

w2v-pretrained(112)
  mean                 -0.1096 -0.0537 -0.0587 -0.0304  -0.047 -0.0437
  std. dev.             0.2682  0.2853  0.2567  0.2485  0.2392  0.1881
  weight sum                24     885     416     353     284      38
  precision             0.0014  0.0014  0.0014  0.0014  0.0014  0.0014

w2v-pretrained(113)
  mean                  -0.041 -0.0793 -0.0811 -0.0873 -0.0896 -0.1005
  std. dev.             0.2474  0.2578  0.2356  0.2505   0.199  0.1981
  weight sum                24     885     416     353     284      38
  precision             0.0018  0.0018  0.0018  0.0018  0.0018  0.0018

w2v-pretrained(114)
  mean                 -0.1417 -0.0861 -0.0729 -0.0865 -0.0692 -0.0848
  std. dev.              0.237  0.2331  0.2426  0.2285  0.1928   0.221
  weight sum                24     885     416     353     284      38
  precision             0.0012  0.0012  0.0012  0.0012  0.0012  0.0012

w2v-pretrained(115)
  mean                  0.3594  0.3042  0.3418  0.3527  0.3932  0.4603
  std. dev.             0.2079  0.2539  0.2449  0.1913  0.2376  0.2186
  weight sum                24     885     416     353     284      38
  precision             0.0018  0.0018  0.0018  0.0018  0.0018  0.0018

w2v-pretrained(116)
  mean                  0.0516  0.0836  0.0437  0.0057 -0.0029 -0.0772
  std. dev.             0.2182  0.2426  0.2431  0.1928  0.1801  0.1831
  weight sum                24     885     416     353     284      38
  precision             0.0012  0.0012  0.0012  0.0012  0.0012  0.0012

w2v-pretrained(117)
  mean                   0.276  0.2358  0.2189  0.2623  0.2391  0.2174
  std. dev.             0.1722  0.2159  0.2049  0.1994  0.2033  0.2068
  weight sum                24     885     416     353     284      38
  precision             0.0012  0.0012  0.0012  0.0012  0.0012  0.0012

w2v-pretrained(118)
  mean                 -0.1765  -0.158  -0.173 -0.1436 -0.1091 -0.0048
  std. dev.             0.1618  0.2565  0.2283  0.2281  0.2841  0.1901
  weight sum                24     885     416     353     284      38
  precision             0.0021  0.0021  0.0021  0.0021  0.0021  0.0021

w2v-pretrained(119)
  mean                  0.3177  0.3271  0.3727  0.3195  0.2906  0.2662
  std. dev.             0.1525  0.2314  0.2448  0.2271  0.2138  0.1979
  weight sum                24     885     416     353     284      38
  precision             0.0014  0.0014  0.0014  0.0014  0.0014  0.0014

w2v-pretrained(120)
  mean                  0.2521  0.2915  0.2765  0.3019  0.3248  0.3685
  std. dev.             0.2599  0.2804  0.2518  0.2202  0.2278  0.2385
  weight sum                24     885     416     353     284      38
  precision             0.0013  0.0013  0.0013  0.0013  0.0013  0.0013

w2v-pretrained(121)
  mean                 -0.1692  -0.162 -0.1926 -0.2806  -0.343 -0.4321
  std. dev.              0.258  0.2751  0.2625  0.2616  0.2819  0.2646
  weight sum                24     885     416     353     284      38
  precision             0.0015  0.0015  0.0015  0.0015  0.0015  0.0015

w2v-pretrained(122)
  mean                 -0.0124  -0.071 -0.0353 -0.0227  -0.018  0.0026
  std. dev.             0.1987  0.2166  0.2296  0.2073  0.1847  0.1665
  weight sum                24     885     416     353     284      38
  precision             0.0011  0.0011  0.0011  0.0011  0.0011  0.0011

w2v-pretrained(123)
  mean                 -0.2108 -0.2011 -0.2402 -0.2089 -0.2211 -0.2736
  std. dev.             0.1295  0.2213  0.2129  0.2077  0.1934  0.1959
  weight sum                24     885     416     353     284      38
  precision             0.0015  0.0015  0.0015  0.0015  0.0015  0.0015

w2v-pretrained(124)
  mean                  0.1713  0.1987  0.2609  0.2342  0.2779  0.3039
  std. dev.             0.1901  0.2453  0.2461  0.2239  0.2367  0.2728
  weight sum                24     885     416     353     284      38
  precision             0.0013  0.0013  0.0013  0.0013  0.0013  0.0013

w2v-pretrained(125)
  mean                 -0.1398 -0.1195 -0.1647 -0.2511 -0.2582 -0.2322
  std. dev.             0.2107  0.3637  0.3126  0.3165  0.2361  0.2222
  weight sum                24     885     416     353     284      38
  precision              0.002   0.002   0.002   0.002   0.002   0.002

w2v-pretrained(126)
  mean                 -0.1341 -0.1654 -0.1448 -0.1658 -0.1781  -0.165
  std. dev.             0.1526  0.2354  0.2157  0.2158  0.1932  0.1341
  weight sum                24     885     416     353     284      38
  precision             0.0013  0.0013  0.0013  0.0013  0.0013  0.0013

w2v-pretrained(127)
  mean                 -0.1683 -0.0858 -0.1336 -0.1229  -0.123 -0.1261
  std. dev.             0.2013  0.2601  0.2903  0.2273  0.2179  0.1965
  weight sum                24     885     416     353     284      38
  precision             0.0016  0.0016  0.0016  0.0016  0.0016  0.0016

w2v-pretrained(128)
  mean                 -0.1731 -0.1229 -0.0828 -0.1664 -0.2053 -0.1867
  std. dev.             0.2515  0.2753  0.2622  0.2169  0.1993  0.2248
  weight sum                24     885     416     353     284      38
  precision             0.0018  0.0018  0.0018  0.0018  0.0018  0.0018

w2v-pretrained(129)
  mean                  0.0489  0.1267  0.0867   0.063  0.0932  0.1532
  std. dev.             0.1985  0.2093  0.2207  0.2187  0.1922  0.1935
  weight sum                24     885     416     353     284      38
  precision             0.0011  0.0011  0.0011  0.0011  0.0011  0.0011

w2v-pretrained(130)
  mean                  0.1165  0.1547  0.1237  0.0884  0.1025  0.0608
  std. dev.             0.1539  0.2453  0.2561  0.2129  0.1997  0.1722
  weight sum                24     885     416     353     284      38
  precision             0.0014  0.0014  0.0014  0.0014  0.0014  0.0014

w2v-pretrained(131)
  mean                  0.0465  0.0879  0.0052  0.0227  0.0046 -0.0771
  std. dev.             0.1892  0.2898  0.3225  0.2759  0.2906  0.2931
  weight sum                24     885     416     353     284      38
  precision             0.0016  0.0016  0.0016  0.0016  0.0016  0.0016

w2v-pretrained(132)
  mean                 -0.2855 -0.2379 -0.2961 -0.3245  -0.311 -0.3722
  std. dev.             0.2554  0.2451  0.2623  0.2336  0.2047  0.2283
  weight sum                24     885     416     353     284      38
  precision             0.0016  0.0016  0.0016  0.0016  0.0016  0.0016

w2v-pretrained(133)
  mean                 -0.1877 -0.1964  -0.225 -0.2051 -0.2466 -0.3138
  std. dev.             0.1862  0.2419  0.2169  0.2198  0.2343  0.1989
  weight sum                24     885     416     353     284      38
  precision             0.0017  0.0017  0.0017  0.0017  0.0017  0.0017

w2v-pretrained(134)
  mean                  0.0713  0.0084 -0.0373  -0.014  -0.029   -0.06
  std. dev.             0.1616  0.2184  0.2142  0.1939   0.194  0.1461
  weight sum                24     885     416     353     284      38
  precision             0.0011  0.0011  0.0011  0.0011  0.0011  0.0011

w2v-pretrained(135)
  mean                  0.0145 -0.0475 -0.0168 -0.0442 -0.0549 -0.1042
  std. dev.             0.1942  0.2724  0.2608  0.2378  0.2361  0.2384
  weight sum                24     885     416     353     284      38
  precision             0.0018  0.0018  0.0018  0.0018  0.0018  0.0018

w2v-pretrained(136)
  mean                 -0.1449 -0.1932 -0.2237 -0.2924  -0.335 -0.3866
  std. dev.             0.1987  0.2828  0.2639  0.2066  0.2203  0.2037
  weight sum                24     885     416     353     284      38
  precision             0.0014  0.0014  0.0014  0.0014  0.0014  0.0014

w2v-pretrained(137)
  mean                  0.0239   0.027  0.0276  0.0622  0.0501  0.0344
  std. dev.             0.1656  0.2553  0.2623   0.223  0.2249  0.1643
  weight sum                24     885     416     353     284      38
  precision             0.0014  0.0014  0.0014  0.0014  0.0014  0.0014

w2v-pretrained(138)
  mean                  0.1072  0.0791  0.0702  0.1144  0.1335  0.2452
  std. dev.             0.1377  0.2044  0.2014  0.2012  0.1893  0.2223
  weight sum                24     885     416     353     284      38
  precision              0.001   0.001   0.001   0.001   0.001   0.001

w2v-pretrained(139)
  mean                 -0.1269 -0.0659 -0.0382 -0.0715 -0.1067 -0.1998
  std. dev.             0.2576  0.3068  0.2911  0.2723  0.2704  0.2506
  weight sum                24     885     416     353     284      38
  precision             0.0015  0.0015  0.0015  0.0015  0.0015  0.0015

w2v-pretrained(140)
  mean                  0.4027  0.3968  0.4243    0.39  0.3752  0.3783
  std. dev.             0.2793  0.2623  0.2675  0.2277  0.2069  0.2375
  weight sum                24     885     416     353     284      38
  precision              0.001   0.001   0.001   0.001   0.001   0.001

w2v-pretrained(141)
  mean                  0.3562  0.3239  0.3391  0.2817  0.2648  0.2827
  std. dev.             0.2149  0.2699  0.3004  0.2491  0.2205  0.2283
  weight sum                24     885     416     353     284      38
  precision             0.0014  0.0014  0.0014  0.0014  0.0014  0.0014

w2v-pretrained(142)
  mean                 -0.4161 -0.3765 -0.3341 -0.3661 -0.3767 -0.3759
  std. dev.             0.1719  0.2456  0.2713  0.2426  0.2043  0.2034
  weight sum                24     885     416     353     284      38
  precision             0.0016  0.0016  0.0016  0.0016  0.0016  0.0016

w2v-pretrained(143)
  mean                 -0.0155  0.1084  0.1259  0.1332  0.0953  0.1195
  std. dev.             0.1594  0.2188  0.2347  0.2367  0.2054  0.1827
  weight sum                24     885     416     353     284      38
  precision             0.0017  0.0017  0.0017  0.0017  0.0017  0.0017

w2v-pretrained(144)
  mean                  0.0339  0.0338  0.0178  0.0268  0.0196 -0.0057
  std. dev.             0.2239   0.212  0.2319  0.1994     0.2  0.2086
  weight sum                24     885     416     353     284      38
  precision             0.0011  0.0011  0.0011  0.0011  0.0011  0.0011

w2v-pretrained(145)
  mean                 -0.0278 -0.0532 -0.0278  -0.049 -0.0208  0.0244
  std. dev.             0.1709  0.2502  0.2599  0.2329  0.2169  0.2233
  weight sum                24     885     416     353     284      38
  precision             0.0013  0.0013  0.0013  0.0013  0.0013  0.0013

w2v-pretrained(146)
  mean                  0.1401  0.0201  0.0678  0.0642  0.0789   0.093
  std. dev.             0.1547  0.2571  0.2667  0.2082  0.2145  0.2529
  weight sum                24     885     416     353     284      38
  precision             0.0013  0.0013  0.0013  0.0013  0.0013  0.0013

w2v-pretrained(147)
  mean                 -0.1542 -0.1705 -0.1933 -0.2759 -0.2685 -0.3511
  std. dev.             0.2374  0.2333  0.2305   0.223  0.1982  0.2215
  weight sum                24     885     416     353     284      38
  precision              0.001   0.001   0.001   0.001   0.001   0.001

w2v-pretrained(148)
  mean                 -0.2457 -0.1707 -0.2142 -0.2148 -0.2048 -0.2147
  std. dev.             0.2289  0.2783  0.2548  0.2459  0.2781  0.2335
  weight sum                24     885     416     353     284      38
  precision             0.0015  0.0015  0.0015  0.0015  0.0015  0.0015

w2v-pretrained(149)
  mean                 -0.3357  -0.286 -0.2796 -0.2879 -0.3028 -0.3616
  std. dev.             0.2554  0.2359    0.23  0.2285  0.2055   0.195
  weight sum                24     885     416     353     284      38
  precision              0.001   0.001   0.001   0.001   0.001   0.001

w2v-pretrained(150)
  mean                 -0.0663 -0.0177  -0.042 -0.0075 -0.0015 -0.0543
  std. dev.             0.1764  0.2248  0.2138  0.2205  0.1966  0.2304
  weight sum                24     885     416     353     284      38
  precision             0.0013  0.0013  0.0013  0.0013  0.0013  0.0013

w2v-pretrained(151)
  mean                  0.3009  0.2984  0.2735  0.2422  0.2456  0.2303
  std. dev.             0.2157  0.2574  0.2352  0.2055   0.203  0.1975
  weight sum                24     885     416     353     284      38
  precision             0.0015  0.0015  0.0015  0.0015  0.0015  0.0015

w2v-pretrained(152)
  mean                  0.0249 -0.0321 -0.0068  0.0404  0.0747  0.1167
  std. dev.             0.1788   0.373  0.3099  0.2828  0.2801  0.1975
  weight sum                24     885     416     353     284      38
  precision             0.0016  0.0016  0.0016  0.0016  0.0016  0.0016

w2v-pretrained(153)
  mean                 -0.4063 -0.3721 -0.4108 -0.4118 -0.4003 -0.4681
  std. dev.             0.1584  0.2215   0.238  0.2189  0.2049  0.1908
  weight sum                24     885     416     353     284      38
  precision             0.0014  0.0014  0.0014  0.0014  0.0014  0.0014

w2v-pretrained(154)
  mean                  0.0825  0.1627  0.1512  0.2173  0.2297  0.1678
  std. dev.             0.1896  0.2571  0.2413  0.2535  0.2061  0.2294
  weight sum                24     885     416     353     284      38
  precision             0.0018  0.0018  0.0018  0.0018  0.0018  0.0018

w2v-pretrained(155)
  mean                 -0.1909 -0.1223 -0.1184 -0.0868 -0.0772 -0.0646
  std. dev.             0.1674  0.2147  0.2144  0.1759  0.1836  0.2287
  weight sum                24     885     416     353     284      38
  precision             0.0011  0.0011  0.0011  0.0011  0.0011  0.0011

w2v-pretrained(156)
  mean                 -0.1418 -0.1454 -0.1562 -0.1102 -0.0827   -0.06
  std. dev.             0.2137  0.2365  0.2217  0.2102  0.2159  0.2301
  weight sum                24     885     416     353     284      38
  precision             0.0015  0.0015  0.0015  0.0015  0.0015  0.0015

w2v-pretrained(157)
  mean                 -0.1579 -0.1346   -0.13 -0.1535 -0.1817 -0.2008
  std. dev.             0.1604  0.2279   0.215   0.225  0.2072  0.1756
  weight sum                24     885     416     353     284      38
  precision             0.0013  0.0013  0.0013  0.0013  0.0013  0.0013

w2v-pretrained(158)
  mean                 -0.1782 -0.1906  -0.218 -0.2834 -0.3128 -0.3145
  std. dev.             0.2562  0.3988  0.3257  0.3339   0.305  0.2635
  weight sum                24     885     416     353     284      38
  precision             0.0022  0.0022  0.0022  0.0022  0.0022  0.0022

w2v-pretrained(159)
  mean                 -0.3038 -0.2362 -0.2646 -0.2695 -0.2875 -0.3395
  std. dev.             0.1939  0.2337  0.2143  0.2123   0.208   0.174
  weight sum                24     885     416     353     284      38
  precision              0.001   0.001   0.001   0.001   0.001   0.001

w2v-pretrained(160)
  mean                 -0.0344 -0.0945 -0.0984 -0.0694 -0.0574 -0.1085
  std. dev.             0.1492  0.2272  0.2374  0.2115  0.1994  0.2085
  weight sum                24     885     416     353     284      38
  precision             0.0013  0.0013  0.0013  0.0013  0.0013  0.0013

w2v-pretrained(161)
  mean                 -0.0701 -0.0646 -0.0251 -0.0477 -0.0802 -0.0835
  std. dev.             0.1931  0.2055  0.2167  0.1855  0.1983   0.173
  weight sum                24     885     416     353     284      38
  precision             0.0011  0.0011  0.0011  0.0011  0.0011  0.0011

w2v-pretrained(162)
  mean                  0.2776  0.2857  0.3195  0.2678  0.2392  0.1946
  std. dev.             0.1309  0.2343  0.2202  0.2235  0.2262    0.26
  weight sum                24     885     416     353     284      38
  precision             0.0014  0.0014  0.0014  0.0014  0.0014  0.0014

w2v-pretrained(163)
  mean                  0.2068  0.2128  0.1839  0.2093  0.2447  0.3008
  std. dev.             0.2544  0.2139  0.2209  0.1943   0.206  0.2424
  weight sum                24     885     416     353     284      38
  precision             0.0013  0.0013  0.0013  0.0013  0.0013  0.0013

w2v-pretrained(164)
  mean                 -0.2395 -0.1476 -0.1037 -0.1073 -0.1344 -0.1093
  std. dev.             0.2173  0.2576  0.2817  0.2467  0.2816  0.2501
  weight sum                24     885     416     353     284      38
  precision             0.0014  0.0014  0.0014  0.0014  0.0014  0.0014

w2v-pretrained(165)
  mean                  0.0299   0.024  0.0681  0.0293 -0.0258 -0.0221
  std. dev.             0.1696  0.2359  0.2506  0.2179  0.2218  0.2784
  weight sum                24     885     416     353     284      38
  precision             0.0012  0.0012  0.0012  0.0012  0.0012  0.0012

w2v-pretrained(166)
  mean                 -0.3269 -0.2628 -0.2593 -0.3056 -0.3074 -0.3556
  std. dev.             0.1977  0.2516  0.2492  0.2296  0.2039  0.2291
  weight sum                24     885     416     353     284      38
  precision             0.0014  0.0014  0.0014  0.0014  0.0014  0.0014

w2v-pretrained(167)
  mean                  0.2778  0.3104   0.357   0.298  0.3278  0.3479
  std. dev.             0.2544  0.2695  0.2601  0.2385  0.2335  0.2246
  weight sum                24     885     416     353     284      38
  precision             0.0012  0.0012  0.0012  0.0012  0.0012  0.0012

w2v-pretrained(168)
  mean                 -0.2712 -0.1633 -0.1655 -0.1647 -0.2111  -0.228
  std. dev.             0.2092    0.24  0.2186  0.2011  0.1925  0.1897
  weight sum                24     885     416     353     284      38
  precision              0.001   0.001   0.001   0.001   0.001   0.001

w2v-pretrained(169)
  mean                 -0.0728 -0.0789 -0.0599  0.0342  0.0308  0.0524
  std. dev.             0.2413  0.2833  0.2418  0.2276  0.2113  0.2445
  weight sum                24     885     416     353     284      38
  precision             0.0016  0.0016  0.0016  0.0016  0.0016  0.0016

w2v-pretrained(170)
  mean                  0.0054  0.0026   0.001 -0.0605 -0.0551 -0.0654
  std. dev.              0.177   0.241  0.2401  0.2153  0.2366  0.1577
  weight sum                24     885     416     353     284      38
  precision             0.0011  0.0011  0.0011  0.0011  0.0011  0.0011

w2v-pretrained(171)
  mean                 -0.5157 -0.4902 -0.4765 -0.4513 -0.4537 -0.4148
  std. dev.             0.1235  0.2327  0.2252  0.2188  0.2291  0.2035
  weight sum                24     885     416     353     284      38
  precision             0.0014  0.0014  0.0014  0.0014  0.0014  0.0014

w2v-pretrained(172)
  mean                 -0.1887 -0.1596 -0.1385 -0.1583 -0.1587 -0.1428
  std. dev.             0.1858  0.2225  0.2165  0.2001  0.2058  0.1554
  weight sum                24     885     416     353     284      38
  precision             0.0015  0.0015  0.0015  0.0015  0.0015  0.0015

w2v-pretrained(173)
  mean                 -0.1165 -0.0989 -0.1073 -0.2098 -0.2019 -0.2167
  std. dev.             0.2121  0.2164  0.2365   0.206  0.1859  0.1507
  weight sum                24     885     416     353     284      38
  precision             0.0009  0.0009  0.0009  0.0009  0.0009  0.0009

w2v-pretrained(174)
  mean                 -0.1607 -0.2175 -0.2662 -0.2337 -0.2453 -0.2619
  std. dev.             0.1961   0.229    0.23  0.2213  0.2234  0.1817
  weight sum                24     885     416     353     284      38
  precision             0.0012  0.0012  0.0012  0.0012  0.0012  0.0012

w2v-pretrained(175)
  mean                 -0.1195 -0.0362 -0.0571 -0.0386  -0.027 -0.1259
  std. dev.             0.1859  0.2328  0.2361  0.2243  0.2106  0.1972
  weight sum                24     885     416     353     284      38
  precision             0.0012  0.0012  0.0012  0.0012  0.0012  0.0012

w2v-pretrained(176)
  mean                  -0.023  0.0036 -0.0278 -0.0565 -0.0645 -0.0603
  std. dev.             0.2261  0.2598  0.2331  0.2484  0.2048  0.1625
  weight sum                24     885     416     353     284      38
  precision             0.0015  0.0015  0.0015  0.0015  0.0015  0.0015

w2v-pretrained(177)
  mean                  0.3717  0.3791  0.3925  0.3643  0.3859  0.4614
  std. dev.             0.1434  0.2683  0.2684  0.2278  0.2192  0.2446
  weight sum                24     885     416     353     284      38
  precision             0.0013  0.0013  0.0013  0.0013  0.0013  0.0013

w2v-pretrained(178)
  mean                 -0.3508 -0.4245 -0.4158 -0.4001 -0.3745 -0.3704
  std. dev.              0.228  0.2605  0.2507  0.2617  0.2119  0.1754
  weight sum                24     885     416     353     284      38
  precision             0.0017  0.0017  0.0017  0.0017  0.0017  0.0017

w2v-pretrained(179)
  mean                  0.0412  0.0111  0.0023 -0.0078  0.0147  0.1351
  std. dev.             0.1451   0.254  0.2353  0.2396  0.2601  0.2679
  weight sum                24     885     416     353     284      38
  precision             0.0014  0.0014  0.0014  0.0014  0.0014  0.0014

w2v-pretrained(180)
  mean                 -0.0863 -0.0475 -0.0585  0.0076  0.0186    0.01
  std. dev.              0.189  0.2698  0.2522  0.2268  0.2359  0.2145
  weight sum                24     885     416     353     284      38
  precision             0.0015  0.0015  0.0015  0.0015  0.0015  0.0015

w2v-pretrained(181)
  mean                 -0.4231 -0.3676 -0.3626 -0.3948 -0.3684 -0.3215
  std. dev.              0.227  0.2273  0.2284  0.2111  0.1776   0.184
  weight sum                24     885     416     353     284      38
  precision             0.0012  0.0012  0.0012  0.0012  0.0012  0.0012

w2v-pretrained(182)
  mean                 -0.3072 -0.2906 -0.3186 -0.3065 -0.3322 -0.3003
  std. dev.             0.1764  0.2079  0.1847  0.1874  0.1798  0.2123
  weight sum                24     885     416     353     284      38
  precision             0.0012  0.0012  0.0012  0.0012  0.0012  0.0012

w2v-pretrained(183)
  mean                  0.0392  0.0089 -0.0005  0.0336   0.031  0.0873
  std. dev.               0.19  0.2091  0.2295   0.197  0.2173  0.2351
  weight sum                24     885     416     353     284      38
  precision              0.001   0.001   0.001   0.001   0.001   0.001

w2v-pretrained(184)
  mean                  0.0406  0.0119  0.0592  0.0686  0.0913  0.1683
  std. dev.             0.1796  0.2332  0.2411  0.2187  0.2236  0.2085
  weight sum                24     885     416     353     284      38
  precision             0.0012  0.0012  0.0012  0.0012  0.0012  0.0012

w2v-pretrained(185)
  mean                 -0.0494 -0.1202 -0.0992 -0.1474 -0.1526 -0.2065
  std. dev.             0.1973  0.2344   0.249  0.2133  0.2097  0.2234
  weight sum                24     885     416     353     284      38
  precision              0.001   0.001   0.001   0.001   0.001   0.001

w2v-pretrained(186)
  mean                 -0.0973 -0.0859 -0.0911 -0.1141 -0.0889  -0.029
  std. dev.             0.1456  0.2406  0.2757  0.2425  0.2166  0.1629
  weight sum                24     885     416     353     284      38
  precision             0.0014  0.0014  0.0014  0.0014  0.0014  0.0014

w2v-pretrained(187)
  mean                 -0.0003  0.0338 -0.0099 -0.0444 -0.0197 -0.1213
  std. dev.             0.2048  0.2442  0.2395  0.2214   0.215  0.2067
  weight sum                24     885     416     353     284      38
  precision             0.0011  0.0011  0.0011  0.0011  0.0011  0.0011

w2v-pretrained(188)
  mean                  0.1524  0.1176  0.1225  0.1325   0.166  0.1889
  std. dev.             0.1798  0.2315  0.2147  0.2133  0.2042  0.2154
  weight sum                24     885     416     353     284      38
  precision             0.0013  0.0013  0.0013  0.0013  0.0013  0.0013

w2v-pretrained(189)
  mean                  0.2921  0.2939  0.3093  0.2818  0.2738  0.2742
  std. dev.             0.1676  0.2207  0.2395  0.1949  0.2179  0.2204
  weight sum                24     885     416     353     284      38
  precision             0.0011  0.0011  0.0011  0.0011  0.0011  0.0011

w2v-pretrained(190)
  mean                  0.1697  0.2188  0.1857  0.2372  0.2653  0.2679
  std. dev.             0.1864  0.2207  0.2217  0.2222  0.2002  0.2016
  weight sum                24     885     416     353     284      38
  precision             0.0016  0.0016  0.0016  0.0016  0.0016  0.0016

w2v-pretrained(191)
  mean                  0.1483  0.0785  0.0245  0.0508  0.0787  0.0889
  std. dev.             0.2173  0.2469  0.2372  0.2175  0.1978  0.1761
  weight sum                24     885     416     353     284      38
  precision             0.0013  0.0013  0.0013  0.0013  0.0013  0.0013

w2v-pretrained(192)
  mean                 -0.0797 -0.0566 -0.0552 -0.0056 -0.0284 -0.0169
  std. dev.               0.17  0.2096  0.2236  0.1948  0.2079   0.206
  weight sum                24     885     416     353     284      38
  precision             0.0012  0.0012  0.0012  0.0012  0.0012  0.0012

w2v-pretrained(193)
  mean                  0.1678  0.0244  0.0395  0.0654  0.1118  0.1839
  std. dev.             0.1632  0.2814  0.2668  0.2282  0.2233  0.2162
  weight sum                24     885     416     353     284      38
  precision             0.0016  0.0016  0.0016  0.0016  0.0016  0.0016

w2v-pretrained(194)
  mean                  0.0779  0.0289 -0.0144    0.03  0.0853   0.098
  std. dev.             0.1729  0.2248  0.2226  0.2263  0.2128   0.159
  weight sum                24     885     416     353     284      38
  precision             0.0011  0.0011  0.0011  0.0011  0.0011  0.0011

w2v-pretrained(195)
  mean                 -0.1467 -0.1233 -0.1215 -0.1834   -0.21 -0.1999
  std. dev.             0.1837  0.2955  0.3073  0.2524  0.2393  0.1792
  weight sum                24     885     416     353     284      38
  precision             0.0017  0.0017  0.0017  0.0017  0.0017  0.0017

w2v-pretrained(196)
  mean                  0.0551  0.0446  0.0357 -0.0068  0.0043  0.0722
  std. dev.             0.1327  0.2289  0.2081  0.1897  0.1887   0.175
  weight sum                24     885     416     353     284      38
  precision              0.001   0.001   0.001   0.001   0.001   0.001

w2v-pretrained(197)
  mean                 -0.1057 -0.0422 -0.0474 -0.0801 -0.0454  0.0554
  std. dev.             0.1518  0.2131  0.2145   0.194   0.192  0.2089
  weight sum                24     885     416     353     284      38
  precision             0.0012  0.0012  0.0012  0.0012  0.0012  0.0012

w2v-pretrained(198)
  mean                  0.0276  -0.044  0.0214  -0.033 -0.0424  -0.053
  std. dev.              0.167  0.2028   0.205  0.2008  0.2102  0.1707
  weight sum                24     885     416     353     284      38
  precision              0.001   0.001   0.001   0.001   0.001   0.001

w2v-pretrained(199)
  mean                 -0.1559  -0.181 -0.1655 -0.2022 -0.2192 -0.2933
  std. dev.             0.2017  0.2474  0.2432   0.233  0.2065  0.1945
  weight sum                24     885     416     353     284      38
  precision             0.0013  0.0013  0.0013  0.0013  0.0013  0.0013

w2v-pretrained(200)
  mean                 -0.4175 -0.4561  -0.477 -0.4611 -0.4505 -0.4701
  std. dev.             0.1823   0.235  0.2259  0.2364  0.2098  0.2172
  weight sum                24     885     416     353     284      38
  precision             0.0015  0.0015  0.0015  0.0015  0.0015  0.0015

w2v-pretrained(201)
  mean                  0.0259  0.0023    0.06  0.0541  0.0443  0.0894
  std. dev.             0.1696  0.2893  0.2864  0.2542  0.2198  0.2497
  weight sum                24     885     416     353     284      38
  precision             0.0018  0.0018  0.0018  0.0018  0.0018  0.0018

w2v-pretrained(202)
  mean                  0.1788  0.2251  0.2306  0.2352  0.2173  0.1729
  std. dev.             0.1615  0.2159  0.2078  0.2182  0.2155  0.2063
  weight sum                24     885     416     353     284      38
  precision             0.0011  0.0011  0.0011  0.0011  0.0011  0.0011

w2v-pretrained(203)
  mean                 -0.1893 -0.1294 -0.1645 -0.1364  -0.085 -0.1196
  std. dev.             0.1909  0.2441  0.2334  0.1955  0.1984  0.1836
  weight sum                24     885     416     353     284      38
  precision             0.0014  0.0014  0.0014  0.0014  0.0014  0.0014

w2v-pretrained(204)
  mean                 -0.0718 -0.1697 -0.1132 -0.0766 -0.0553  0.0079
  std. dev.             0.2665  0.2615  0.2422  0.2281  0.2163  0.2153
  weight sum                24     885     416     353     284      38
  precision             0.0012  0.0012  0.0012  0.0012  0.0012  0.0012

w2v-pretrained(205)
  mean                  0.1173  0.1097  0.0674  0.1508  0.1487  0.2246
  std. dev.             0.2247   0.226  0.2622  0.2153  0.2302  0.2107
  weight sum                24     885     416     353     284      38
  precision             0.0012  0.0012  0.0012  0.0012  0.0012  0.0012

w2v-pretrained(206)
  mean                 -0.1169 -0.1837 -0.1397 -0.1634 -0.1601 -0.1725
  std. dev.             0.1528  0.2212  0.2247  0.1972  0.1815    0.19
  weight sum                24     885     416     353     284      38
  precision             0.0013  0.0013  0.0013  0.0013  0.0013  0.0013

w2v-pretrained(207)
  mean                 -0.1023 -0.0397 -0.0806 -0.0518 -0.0487 -0.1669
  std. dev.             0.2485  0.2426  0.2468  0.2159  0.2207  0.2057
  weight sum                24     885     416     353     284      38
  precision             0.0012  0.0012  0.0012  0.0012  0.0012  0.0012

w2v-pretrained(208)
  mean                 -0.1164 -0.0819 -0.0938 -0.0609 -0.0679  -0.063
  std. dev.             0.1764  0.2245  0.1992  0.1973  0.2027  0.1438
  weight sum                24     885     416     353     284      38
  precision             0.0013  0.0013  0.0013  0.0013  0.0013  0.0013

w2v-pretrained(209)
  mean                  0.0848  0.0233  0.0211  0.0746  0.0768  0.1478
  std. dev.             0.1905  0.2591  0.2422  0.2476  0.2194  0.1978
  weight sum                24     885     416     353     284      38
  precision             0.0017  0.0017  0.0017  0.0017  0.0017  0.0017

w2v-pretrained(210)
  mean                 -0.0343 -0.0576 -0.0364 -0.1084 -0.1476 -0.0958
  std. dev.             0.2161  0.3094  0.2717  0.2286  0.2249  0.1946
  weight sum                24     885     416     353     284      38
  precision             0.0015  0.0015  0.0015  0.0015  0.0015  0.0015

w2v-pretrained(211)
  mean                 -0.0499 -0.0582 -0.0408 -0.0978 -0.0857 -0.0757
  std. dev.             0.2048  0.2507   0.244  0.1906  0.1942  0.1386
  weight sum                24     885     416     353     284      38
  precision             0.0015  0.0015  0.0015  0.0015  0.0015  0.0015

w2v-pretrained(212)
  mean                  0.3629  0.3412  0.3818  0.3412  0.3692  0.4082
  std. dev.             0.1647    0.24  0.2364  0.2417  0.2381  0.2065
  weight sum                24     885     416     353     284      38
  precision              0.001   0.001   0.001   0.001   0.001   0.001

w2v-pretrained(213)
  mean                 -0.1821 -0.2062 -0.1551 -0.0864 -0.0362 -0.0006
  std. dev.             0.2918  0.2894  0.2473   0.242  0.2164  0.1982
  weight sum                24     885     416     353     284      38
  precision             0.0015  0.0015  0.0015  0.0015  0.0015  0.0015

w2v-pretrained(214)
  mean                  0.2277    0.22   0.247  0.2666  0.2828   0.228
  std. dev.             0.1786  0.2376  0.2477  0.2052   0.216  0.1749
  weight sum                24     885     416     353     284      38
  precision             0.0016  0.0016  0.0016  0.0016  0.0016  0.0016

w2v-pretrained(215)
  mean                  -0.536 -0.4493 -0.5092 -0.4756  -0.498 -0.5513
  std. dev.             0.2468  0.2451  0.2285  0.2516  0.2198   0.182
  weight sum                24     885     416     353     284      38
  precision             0.0011  0.0011  0.0011  0.0011  0.0011  0.0011

w2v-pretrained(216)
  mean                 -0.0863 -0.1032 -0.1248 -0.1387 -0.1336 -0.1085
  std. dev.             0.1649  0.2312  0.2602  0.2649  0.2366  0.1944
  weight sum                24     885     416     353     284      38
  precision             0.0017  0.0017  0.0017  0.0017  0.0017  0.0017

w2v-pretrained(217)
  mean                  0.3691  0.3276  0.3411  0.3651  0.3811  0.4305
  std. dev.             0.1608  0.2217  0.2379  0.2094  0.1925  0.1888
  weight sum                24     885     416     353     284      38
  precision             0.0012  0.0012  0.0012  0.0012  0.0012  0.0012

w2v-pretrained(218)
  mean                 -0.1676 -0.1308 -0.1214 -0.1219  -0.143 -0.2074
  std. dev.             0.2167  0.2508  0.2425  0.2502   0.187  0.2357
  weight sum                24     885     416     353     284      38
  precision             0.0017  0.0017  0.0017  0.0017  0.0017  0.0017

w2v-pretrained(219)
  mean                 -0.3771 -0.3553  -0.373 -0.3785 -0.4385 -0.4948
  std. dev.             0.1555  0.2322  0.2075  0.2198  0.2218  0.1804
  weight sum                24     885     416     353     284      38
  precision             0.0011  0.0011  0.0011  0.0011  0.0011  0.0011

w2v-pretrained(220)
  mean                  0.0426  0.0924  0.0899   0.089  0.1023  0.0797
  std. dev.             0.2248  0.2157  0.1945  0.1979  0.2057  0.1991
  weight sum                24     885     416     353     284      38
  precision             0.0011  0.0011  0.0011  0.0011  0.0011  0.0011

w2v-pretrained(221)
  mean                 -0.1725 -0.1635 -0.1399 -0.1256 -0.1244 -0.1662
  std. dev.             0.1618   0.234  0.2179  0.2157  0.1836  0.1387
  weight sum                24     885     416     353     284      38
  precision             0.0012  0.0012  0.0012  0.0012  0.0012  0.0012

w2v-pretrained(222)
  mean                  0.1956  0.1615  0.1436  0.0856  0.1039  0.1104
  std. dev.             0.2002  0.2539  0.2579  0.2184  0.1777  0.2025
  weight sum                24     885     416     353     284      38
  precision             0.0011  0.0011  0.0011  0.0011  0.0011  0.0011

w2v-pretrained(223)
  mean                 -0.0082 -0.0493 -0.1151 -0.1633 -0.1367 -0.1432
  std. dev.             0.1986  0.2603  0.2769  0.2163  0.2589  0.2107
  weight sum                24     885     416     353     284      38
  precision             0.0016  0.0016  0.0016  0.0016  0.0016  0.0016

w2v-pretrained(224)
  mean                 -0.0415 -0.0783 -0.0595 -0.0636 -0.0733 -0.0762
  std. dev.             0.2183  0.2152  0.2169  0.1964   0.202  0.1947
  weight sum                24     885     416     353     284      38
  precision             0.0009  0.0009  0.0009  0.0009  0.0009  0.0009

w2v-pretrained(225)
  mean                  0.2856  0.2134  0.2482  0.2735  0.2515  0.2754
  std. dev.             0.1964  0.2341  0.2369  0.2461  0.2023  0.1885
  weight sum                24     885     416     353     284      38
  precision             0.0014  0.0014  0.0014  0.0014  0.0014  0.0014

w2v-pretrained(226)
  mean                 -0.1472 -0.1273  -0.141 -0.1708 -0.1611 -0.2212
  std. dev.             0.2056  0.2403  0.2164   0.219  0.2157  0.2187
  weight sum                24     885     416     353     284      38
  precision             0.0014  0.0014  0.0014  0.0014  0.0014  0.0014

w2v-pretrained(227)
  mean                  0.3088  0.2817  0.2387  0.3371  0.3882  0.3772
  std. dev.              0.192  0.2346  0.2351  0.2045  0.2279  0.2127
  weight sum                24     885     416     353     284      38
  precision             0.0013  0.0013  0.0013  0.0013  0.0013  0.0013

w2v-pretrained(228)
  mean                  0.0678  0.0799  0.0878  0.0458  0.0321  0.1008
  std. dev.             0.1598  0.2425  0.2632  0.2342  0.2281  0.1441
  weight sum                24     885     416     353     284      38
  precision             0.0019  0.0019  0.0019  0.0019  0.0019  0.0019

w2v-pretrained(229)
  mean                  0.2793  0.2654  0.2487  0.2511  0.2656  0.2025
  std. dev.             0.2087  0.2378  0.2477  0.2095  0.1992  0.1601
  weight sum                24     885     416     353     284      38
  precision             0.0012  0.0012  0.0012  0.0012  0.0012  0.0012

w2v-pretrained(230)
  mean                  0.0405  0.0646  0.1347  0.1945  0.1543  0.1018
  std. dev.             0.2417  0.2783   0.246  0.2449  0.2072  0.1903
  weight sum                24     885     416     353     284      38
  precision             0.0015  0.0015  0.0015  0.0015  0.0015  0.0015

w2v-pretrained(231)
  mean                  0.1539  0.1431  0.1496   0.165  0.1979  0.1895
  std. dev.             0.1531   0.215  0.2119  0.1992  0.1845  0.1772
  weight sum                24     885     416     353     284      38
  precision             0.0013  0.0013  0.0013  0.0013  0.0013  0.0013

w2v-pretrained(232)
  mean                 -0.1324 -0.1722 -0.1382 -0.1649 -0.1564 -0.0979
  std. dev.             0.1657  0.2132  0.2179   0.199  0.1909  0.1975
  weight sum                24     885     416     353     284      38
  precision              0.001   0.001   0.001   0.001   0.001   0.001

w2v-pretrained(233)
  mean                  0.0892  0.0912  0.0633  0.0997  0.1051  0.0585
  std. dev.              0.196  0.2566  0.2576  0.2001  0.2145  0.2096
  weight sum                24     885     416     353     284      38
  precision             0.0016  0.0016  0.0016  0.0016  0.0016  0.0016

w2v-pretrained(234)
  mean                  0.0258  0.0503  0.0695  0.0621  0.0388 -0.0533
  std. dev.             0.1877  0.2135  0.2267  0.2073  0.1854  0.1687
  weight sum                24     885     416     353     284      38
  precision             0.0014  0.0014  0.0014  0.0014  0.0014  0.0014

w2v-pretrained(235)
  mean                  0.3207  0.2893  0.3216  0.3544  0.3146  0.3538
  std. dev.             0.2192  0.2336  0.2318  0.2235  0.2159  0.1812
  weight sum                24     885     416     353     284      38
  precision             0.0011  0.0011  0.0011  0.0011  0.0011  0.0011

w2v-pretrained(236)
  mean                   0.013 -0.0322 -0.0507 -0.0375 -0.0455  0.0254
  std. dev.              0.223  0.2153  0.2113  0.1815  0.1633  0.1811
  weight sum                24     885     416     353     284      38
  precision              0.001   0.001   0.001   0.001   0.001   0.001

w2v-pretrained(237)
  mean                 -0.1381 -0.1512 -0.1393 -0.1937 -0.1854  -0.169
  std. dev.             0.2305  0.2484  0.2254  0.2228   0.234  0.1871
  weight sum                24     885     416     353     284      38
  precision             0.0011  0.0011  0.0011  0.0011  0.0011  0.0011

w2v-pretrained(238)
  mean                 -0.2377 -0.2026 -0.2154 -0.2714 -0.2582 -0.2197
  std. dev.             0.2363  0.2677  0.2353  0.2292   0.215  0.2339
  weight sum                24     885     416     353     284      38
  precision             0.0013  0.0013  0.0013  0.0013  0.0013  0.0013

w2v-pretrained(239)
  mean                  0.3224  0.2988  0.3696   0.281  0.2594  0.2121
  std. dev.             0.1941  0.2295  0.2785  0.2035   0.185  0.1903
  weight sum                24     885     416     353     284      38
  precision             0.0011  0.0011  0.0011  0.0011  0.0011  0.0011

w2v-pretrained(240)
  mean                  0.0933   0.066  0.0491  0.0452  0.0517  0.0102
  std. dev.             0.1438  0.2273  0.1901  0.1792  0.1814  0.2054
  weight sum                24     885     416     353     284      38
  precision              0.001   0.001   0.001   0.001   0.001   0.001

w2v-pretrained(241)
  mean                  0.0752  0.0761  0.0678  0.1007   0.078  0.1043
  std. dev.              0.219  0.2466  0.2278  0.2261  0.2362  0.1971
  weight sum                24     885     416     353     284      38
  precision             0.0013  0.0013  0.0013  0.0013  0.0013  0.0013

w2v-pretrained(242)
  mean                  0.0343  0.0733  0.0384   0.016  0.0352  0.0421
  std. dev.             0.2205  0.2354  0.2277  0.2112  0.1945  0.1759
  weight sum                24     885     416     353     284      38
  precision             0.0012  0.0012  0.0012  0.0012  0.0012  0.0012

w2v-pretrained(243)
  mean                  0.1391  0.2268  0.2375  0.1785  0.1496   0.195
  std. dev.             0.2062  0.2476  0.2457  0.2108  0.1971  0.1558
  weight sum                24     885     416     353     284      38
  precision             0.0011  0.0011  0.0011  0.0011  0.0011  0.0011

w2v-pretrained(244)
  mean                 -0.5116 -0.4228 -0.3971 -0.4429  -0.497 -0.5473
  std. dev.             0.1641  0.2327   0.224  0.1994  0.2054  0.2163
  weight sum                24     885     416     353     284      38
  precision             0.0017  0.0017  0.0017  0.0017  0.0017  0.0017

w2v-pretrained(245)
  mean                 -0.0351 -0.0024 -0.0306 -0.0287 -0.0514 -0.0918
  std. dev.             0.1876  0.1999  0.2117  0.2047  0.1697  0.1206
  weight sum                24     885     416     353     284      38
  precision             0.0013  0.0013  0.0013  0.0013  0.0013  0.0013

w2v-pretrained(246)
  mean                  0.1658  0.0981   0.126  0.0983  0.0879  0.1006
  std. dev.             0.1199  0.2215  0.2036  0.1948  0.1582  0.1938
  weight sum                24     885     416     353     284      38
  precision             0.0012  0.0012  0.0012  0.0012  0.0012  0.0012

w2v-pretrained(247)
  mean                 -0.0149 -0.0267  -0.024   0.032  0.0614  0.0667
  std. dev.             0.1448   0.245  0.2445  0.2374  0.2447  0.2003
  weight sum                24     885     416     353     284      38
  precision             0.0013  0.0013  0.0013  0.0013  0.0013  0.0013

w2v-pretrained(248)
  mean                  0.2541  0.2496  0.3224  0.2526  0.2102  0.2309
  std. dev.             0.2272  0.2943  0.2833  0.2559  0.2144  0.1486
  weight sum                24     885     416     353     284      38
  precision             0.0017  0.0017  0.0017  0.0017  0.0017  0.0017

w2v-pretrained(249)
  mean                 -0.0107  0.0112  0.0184  0.0322  0.0455  0.0294
  std. dev.             0.2481  0.2588  0.2488  0.2199  0.2053   0.241
  weight sum                24     885     416     353     284      38
  precision             0.0012  0.0012  0.0012  0.0012  0.0012  0.0012

w2v-pretrained(250)
  mean                  -0.097 -0.0695  -0.111 -0.0707  -0.077 -0.0855
  std. dev.             0.2065  0.2427  0.2626   0.212  0.2098  0.1348
  weight sum                24     885     416     353     284      38
  precision             0.0014  0.0014  0.0014  0.0014  0.0014  0.0014

w2v-pretrained(251)
  mean                  0.0536  0.1043  0.0832  0.0799  0.0751  0.0271
  std. dev.             0.1453  0.2275  0.2192   0.207  0.2081  0.1519
  weight sum                24     885     416     353     284      38
  precision             0.0014  0.0014  0.0014  0.0014  0.0014  0.0014

w2v-pretrained(252)
  mean                  0.1107  0.1292   0.135  0.1405  0.0873  0.0301
  std. dev.             0.2112  0.2214  0.2173  0.2263  0.1733   0.176
  weight sum                24     885     416     353     284      38
  precision             0.0016  0.0016  0.0016  0.0016  0.0016  0.0016

w2v-pretrained(253)
  mean                  0.1402  0.1711  0.1895  0.1989  0.1854  0.1863
  std. dev.             0.1682  0.2256  0.2351  0.2154  0.2242  0.2153
  weight sum                24     885     416     353     284      38
  precision             0.0011  0.0011  0.0011  0.0011  0.0011  0.0011

w2v-pretrained(254)
  mean                  0.2582  0.2679  0.2629  0.2487  0.2529  0.2534
  std. dev.             0.2906  0.2451  0.2455  0.2201   0.198  0.1939
  weight sum                24     885     416     353     284      38
  precision             0.0012  0.0012  0.0012  0.0012  0.0012  0.0012

w2v-pretrained(255)
  mean                  0.2778  0.2687  0.2515  0.2448  0.2351  0.2217
  std. dev.             0.1866  0.2181  0.1945  0.1958  0.1958  0.1835
  weight sum                24     885     416     353     284      38
  precision             0.0014  0.0014  0.0014  0.0014  0.0014  0.0014

w2v-pretrained(256)
  mean                 -0.2252 -0.2388 -0.1844 -0.1847 -0.2012 -0.1222
  std. dev.             0.2071  0.2264  0.2154  0.2148  0.2272  0.2217
  weight sum                24     885     416     353     284      38
  precision              0.001   0.001   0.001   0.001   0.001   0.001

w2v-pretrained(257)
  mean                  0.0373  0.0383  0.0689  0.1156  0.1176  0.1286
  std. dev.              0.164  0.2175  0.2028  0.2092  0.2008  0.2031
  weight sum                24     885     416     353     284      38
  precision              0.001   0.001   0.001   0.001   0.001   0.001

w2v-pretrained(258)
  mean                  0.1248  0.0343  0.1074  0.1515  0.1833  0.2265
  std. dev.             0.2062  0.2201  0.2208  0.2112  0.1973  0.2227
  weight sum                24     885     416     353     284      38
  precision             0.0015  0.0015  0.0015  0.0015  0.0015  0.0015

w2v-pretrained(259)
  mean                 -0.1878 -0.1634   -0.22 -0.2132 -0.2441 -0.2595
  std. dev.             0.1713  0.2509   0.237  0.2357  0.2156  0.1775
  weight sum                24     885     416     353     284      38
  precision             0.0012  0.0012  0.0012  0.0012  0.0012  0.0012

w2v-pretrained(260)
  mean                 -0.2063 -0.1671 -0.1995 -0.1344 -0.1748  -0.304
  std. dev.             0.1961  0.2074  0.2369  0.2023  0.2178  0.2559
  weight sum                24     885     416     353     284      38
  precision             0.0009  0.0009  0.0009  0.0009  0.0009  0.0009

w2v-pretrained(261)
  mean                  0.1416  0.1223  0.0904  0.0356  0.0514  0.0676
  std. dev.             0.1687  0.2278  0.2143  0.2071  0.1779  0.1946
  weight sum                24     885     416     353     284      38
  precision             0.0009  0.0009  0.0009  0.0009  0.0009  0.0009

w2v-pretrained(262)
  mean                  0.0984  0.0559  0.0683  0.0583  0.0642  0.0793
  std. dev.              0.249  0.2257  0.1951  0.2122  0.2005  0.1647
  weight sum                24     885     416     353     284      38
  precision              0.001   0.001   0.001   0.001   0.001   0.001

w2v-pretrained(263)
  mean                 -0.2587 -0.2196 -0.2256 -0.2375  -0.212 -0.1924
  std. dev.             0.2409  0.2941  0.2684  0.2779  0.2308  0.2281
  weight sum                24     885     416     353     284      38
  precision             0.0019  0.0019  0.0019  0.0019  0.0019  0.0019

w2v-pretrained(264)
  mean                   0.111  0.1823  0.1978  0.2621  0.2549  0.2251
  std. dev.             0.2403  0.2595  0.2363  0.2217  0.2348  0.2057
  weight sum                24     885     416     353     284      38
  precision             0.0013  0.0013  0.0013  0.0013  0.0013  0.0013

w2v-pretrained(265)
  mean                  0.2062  0.1805  0.1713  0.1906  0.1831  0.1537
  std. dev.             0.1687  0.2242  0.2121  0.2242  0.1985  0.1639
  weight sum                24     885     416     353     284      38
  precision             0.0012  0.0012  0.0012  0.0012  0.0012  0.0012

w2v-pretrained(266)
  mean                   0.423  0.3996   0.448  0.4505  0.4637  0.4515
  std. dev.             0.1966  0.2259  0.2215  0.2145  0.1868  0.1481
  weight sum                24     885     416     353     284      38
  precision             0.0011  0.0011  0.0011  0.0011  0.0011  0.0011

w2v-pretrained(267)
  mean                 -0.0542 -0.0421 -0.0402 -0.0715 -0.0144  0.0244
  std. dev.             0.1866  0.2294  0.2276  0.1934  0.2037  0.1601
  weight sum                24     885     416     353     284      38
  precision             0.0012  0.0012  0.0012  0.0012  0.0012  0.0012

w2v-pretrained(268)
  mean                 -0.0168 -0.0211 -0.0729 -0.1083 -0.0658 -0.0505
  std. dev.             0.1781   0.236  0.2284  0.2175  0.2074  0.1861
  weight sum                24     885     416     353     284      38
  precision             0.0012  0.0012  0.0012  0.0012  0.0012  0.0012

w2v-pretrained(269)
  mean                 -0.3636 -0.3632 -0.4093 -0.4225 -0.4103 -0.2765
  std. dev.             0.2735   0.248    0.23  0.2125  0.2115  0.2031
  weight sum                24     885     416     353     284      38
  precision             0.0011  0.0011  0.0011  0.0011  0.0011  0.0011

w2v-pretrained(270)
  mean                 -0.1278 -0.1577 -0.1522 -0.1505  -0.178 -0.2082
  std. dev.             0.2049  0.2215  0.2266  0.2109    0.23  0.1804
  weight sum                24     885     416     353     284      38
  precision              0.001   0.001   0.001   0.001   0.001   0.001

w2v-pretrained(271)
  mean                  0.1586  0.1215  0.1875  0.1837  0.1811  0.2037
  std. dev.             0.1631   0.273  0.2498   0.222  0.2443  0.2203
  weight sum                24     885     416     353     284      38
  precision             0.0015  0.0015  0.0015  0.0015  0.0015  0.0015

w2v-pretrained(272)
  mean                  0.4035  0.3469  0.3576  0.3979  0.3935  0.3994
  std. dev.             0.1828  0.2376  0.2437  0.2203  0.2072  0.1966
  weight sum                24     885     416     353     284      38
  precision             0.0014  0.0014  0.0014  0.0014  0.0014  0.0014

w2v-pretrained(273)
  mean                  0.3288  0.2521  0.3598  0.3508   0.304  0.4174
  std. dev.             0.1841  0.2616  0.2541  0.2737  0.2371  0.2593
  weight sum                24     885     416     353     284      38
  precision             0.0011  0.0011  0.0011  0.0011  0.0011  0.0011

w2v-pretrained(274)
  mean                  0.0618  0.0794  0.0896  0.0998   0.084  0.0437
  std. dev.             0.1775  0.2235  0.2244   0.196  0.2089   0.198
  weight sum                24     885     416     353     284      38
  precision              0.001   0.001   0.001   0.001   0.001   0.001

w2v-pretrained(275)
  mean                  0.2736  0.2602  0.2712  0.2271  0.1779  0.1595
  std. dev.             0.1825  0.2167  0.2209  0.2054  0.2207  0.1794
  weight sum                24     885     416     353     284      38
  precision              0.001   0.001   0.001   0.001   0.001   0.001

w2v-pretrained(276)
  mean                 -0.1868 -0.1838 -0.1788 -0.2296 -0.2134 -0.2174
  std. dev.             0.2263  0.2395  0.2131  0.2007   0.223  0.2077
  weight sum                24     885     416     353     284      38
  precision              0.001   0.001   0.001   0.001   0.001   0.001

w2v-pretrained(277)
  mean                 -0.2123 -0.2748 -0.2677 -0.2569 -0.2478 -0.1911
  std. dev.              0.171  0.2321  0.2155   0.205  0.2054  0.2015
  weight sum                24     885     416     353     284      38
  precision             0.0017  0.0017  0.0017  0.0017  0.0017  0.0017

w2v-pretrained(278)
  mean                 -0.5408  -0.479 -0.5052 -0.4982 -0.4996  -0.532
  std. dev.             0.1619  0.2321  0.2099  0.2087  0.2127  0.2174
  weight sum                24     885     416     353     284      38
  precision             0.0011  0.0011  0.0011  0.0011  0.0011  0.0011

w2v-pretrained(279)
  mean                 -0.0853 -0.1703 -0.1642 -0.1371 -0.1401 -0.1574
  std. dev.              0.171  0.2304  0.2133  0.2234  0.2011  0.1595
  weight sum                24     885     416     353     284      38
  precision             0.0015  0.0015  0.0015  0.0015  0.0015  0.0015

w2v-pretrained(280)
  mean                  0.2116  0.2853  0.2619  0.2441  0.2111  0.0948
  std. dev.              0.273   0.314  0.3123  0.2905  0.2641  0.2379
  weight sum                24     885     416     353     284      38
  precision             0.0016  0.0016  0.0016  0.0016  0.0016  0.0016

w2v-pretrained(281)
  mean                  0.0676  0.0613  0.0917  0.1083  0.1118  0.1822
  std. dev.             0.1833  0.2372  0.2077  0.2271  0.2159  0.1854
  weight sum                24     885     416     353     284      38
  precision             0.0014  0.0014  0.0014  0.0014  0.0014  0.0014

w2v-pretrained(282)
  mean                  0.0812  0.1271  0.1027   0.023  0.0345 -0.0283
  std. dev.             0.1904   0.245   0.228  0.2197  0.2048  0.1868
  weight sum                24     885     416     353     284      38
  precision             0.0012  0.0012  0.0012  0.0012  0.0012  0.0012

w2v-pretrained(283)
  mean                  0.1444  0.1325   0.105  0.1735  0.1401  0.1465
  std. dev.             0.1826  0.2253  0.2203  0.2177  0.2122  0.2179
  weight sum                24     885     416     353     284      38
  precision             0.0012  0.0012  0.0012  0.0012  0.0012  0.0012

w2v-pretrained(284)
  mean                  0.1704  0.1681  0.1719  0.1941  0.2043  0.2551
  std. dev.             0.1608  0.2353  0.2139  0.2283  0.2037  0.1892
  weight sum                24     885     416     353     284      38
  precision             0.0015  0.0015  0.0015  0.0015  0.0015  0.0015

w2v-pretrained(285)
  mean                  0.0007 -0.0597 -0.0052 -0.0139 -0.0371 -0.0455
  std. dev.             0.2229   0.233  0.2636  0.2216  0.1855  0.1915
  weight sum                24     885     416     353     284      38
  precision             0.0011  0.0011  0.0011  0.0011  0.0011  0.0011

w2v-pretrained(286)
  mean                  0.0692   0.022 -0.0005  0.0301  0.0193  -0.006
  std. dev.             0.1177  0.2161  0.2272  0.2015  0.2198  0.1743
  weight sum                24     885     416     353     284      38
  precision             0.0013  0.0013  0.0013  0.0013  0.0013  0.0013

w2v-pretrained(287)
  mean                 -0.3215 -0.2795 -0.2949 -0.2895 -0.3268 -0.3127
  std. dev.             0.1776  0.2463  0.2393  0.2474   0.217  0.1322
  weight sum                24     885     416     353     284      38
  precision             0.0015  0.0015  0.0015  0.0015  0.0015  0.0015

w2v-pretrained(288)
  mean                  -0.069 -0.0294 -0.0309 -0.0627 -0.0365 -0.0646
  std. dev.             0.1398  0.2305  0.2661  0.2539  0.2076  0.1499
  weight sum                24     885     416     353     284      38
  precision             0.0016  0.0016  0.0016  0.0016  0.0016  0.0016

w2v-pretrained(289)
  mean                 -0.0235  0.0147  0.0163  0.0018 -0.0115 -0.0917
  std. dev.             0.1416  0.2144  0.2142  0.1879  0.1882  0.1894
  weight sum                24     885     416     353     284      38
  precision             0.0011  0.0011  0.0011  0.0011  0.0011  0.0011

w2v-pretrained(290)
  mean                 -0.0245 -0.0504   0.004 -0.0337 -0.0398  -0.044
  std. dev.             0.1746  0.2371  0.2341  0.2325  0.2431     0.2
  weight sum                24     885     416     353     284      38
  precision              0.001   0.001   0.001   0.001   0.001   0.001

w2v-pretrained(291)
  mean                 -0.1093 -0.2308 -0.2507 -0.2384 -0.2017 -0.1664
  std. dev.             0.2101  0.2615  0.2381  0.2398   0.233  0.2165
  weight sum                24     885     416     353     284      38
  precision             0.0012  0.0012  0.0012  0.0012  0.0012  0.0012

w2v-pretrained(292)
  mean                  0.2539  0.1821  0.1911  0.2356  0.2328  0.2252
  std. dev.             0.2067  0.2358   0.243   0.228  0.1953  0.1926
  weight sum                24     885     416     353     284      38
  precision             0.0014  0.0014  0.0014  0.0014  0.0014  0.0014

w2v-pretrained(293)
  mean                  -0.347 -0.3533 -0.3488 -0.3302 -0.3548 -0.3733
  std. dev.             0.1894  0.2076  0.2176  0.2005  0.1854  0.1609
  weight sum                24     885     416     353     284      38
  precision             0.0013  0.0013  0.0013  0.0013  0.0013  0.0013

w2v-pretrained(294)
  mean                  0.0826  0.0472  0.0672  0.0465  0.0213 -0.0247
  std. dev.             0.2279  0.2584  0.2328  0.2197  0.1894  0.2012
  weight sum                24     885     416     353     284      38
  precision             0.0013  0.0013  0.0013  0.0013  0.0013  0.0013

w2v-pretrained(295)
  mean                 -0.1615 -0.2039 -0.1617 -0.2056 -0.2458 -0.2014
  std. dev.             0.2048  0.2163  0.2354  0.1961  0.2048  0.2264
  weight sum                24     885     416     353     284      38
  precision             0.0011  0.0011  0.0011  0.0011  0.0011  0.0011

w2v-pretrained(296)
  mean                 -0.0012  0.0288 -0.0028  0.0712  0.0224  -0.016
  std. dev.             0.2946   0.284  0.3194  0.2356  0.2284    0.16
  weight sum                24     885     416     353     284      38
  precision             0.0014  0.0014  0.0014  0.0014  0.0014  0.0014

w2v-pretrained(297)
  mean                 -0.1262  -0.102 -0.0211 -0.0208 -0.0495 -0.1196
  std. dev.              0.283  0.2604  0.2463  0.2127  0.2063  0.2288
  weight sum                24     885     416     353     284      38
  precision             0.0016  0.0016  0.0016  0.0016  0.0016  0.0016

w2v-pretrained(298)
  mean                 -0.1937 -0.1774 -0.1786 -0.1328 -0.1711 -0.2582
  std. dev.             0.1956  0.2122  0.2407  0.1874  0.2016   0.183
  weight sum                24     885     416     353     284      38
  precision             0.0009  0.0009  0.0009  0.0009  0.0009  0.0009

w2v-pretrained(299)
  mean                  0.1054  0.0416  0.0546  0.0691  0.0754   0.081
  std. dev.             0.1465  0.2252  0.2109  0.2043  0.2192  0.2021
  weight sum                24     885     416     353     284      38
  precision              0.001   0.001   0.001   0.001   0.001   0.001

w2v-pretrained(300)
  mean                  0.1017  0.0421  0.0122  0.0067 -0.0157  -0.106
  std. dev.             0.2212  0.2919  0.2865  0.2546  0.2394  0.2287
  weight sum                24     885     416     353     284      38
  precision             0.0013  0.0013  0.0013  0.0013  0.0013  0.0013



Time taken to build model: 1.14 seconds

=== Stratified cross-validation ===
=== Summary ===

Correctly Classified Instances         556               27.8    %
Incorrectly Classified Instances      1444               72.2    %
Kappa statistic                          0.1077
Mean absolute error                      0.2409
Root mean squared error                  0.4662
Relative absolute error                101.8392 %
Root relative squared error            135.611  %
Total Number of Instances             2000     

=== Detailed Accuracy By Class ===

                 TP Rate  FP Rate  Precision  Recall   F-Measure  MCC      ROC Area  PRC Area  Class
                 0,375    0,151    0,029      0,375    0,054      0,067    0,596     0,020     1
                 0,329    0,172    0,602      0,329    0,425      0,182    0,637     0,565     2
                 0,132    0,055    0,387      0,132    0,197      0,122    0,571     0,302     3
                 0,210    0,150    0,231      0,210    0,220      0,062    0,588     0,233     4
                 0,387    0,238    0,212      0,387    0,274      0,119    0,621     0,227     5
                 0,447    0,107    0,075      0,447    0,128      0,146    0,749     0,097     6
Weighted Avg.    0,278    0,152    0,420      0,278    0,310      0,137    0,614     0,388     

=== Confusion Matrix ===

   a   b   c   d   e   f   <-- classified as
   9   7   1   1   3   3 |   a = 1
 149 291  52 127 205  61 |   b = 2
  63  92  55  82  78  46 |   c = 3
  49  52  24  74 112  42 |   d = 4
  36  38   7  35 110  58 |   e = 5
   2   3   3   2  11  17 |   f = 6

