=== Run information ===

Scheme:       weka.classifiers.bayes.NaiveBayes 
Relation:     comment-move-2
Instances:    2000
Attributes:   102
              [list of attributes omitted]
Test mode:    10-fold cross-validation

=== Classifier model (full training set) ===

Naive Bayes Classifier

                     Class
Attribute                1       2       3       4       5       6
                    (0.01)  (0.44)  (0.21)  (0.18)  (0.14)  (0.02)
===================================================================
number_of_tokens
  mean                 23.5  19.304 21.1514 19.2635 20.0352 18.9211
  std. dev.           8.612  8.5844  9.2893  9.0851  8.8735  9.2945
  weight sum             24     885     416     353     284      38
  precision               1       1       1       1       1       1

w2v-own(1)
  mean              -0.7508 -0.7644 -0.6869 -0.7319 -0.7179 -0.6073
  std. dev.          0.2875  0.3469  0.3404  0.3019  0.2558  0.2481
  weight sum             24     885     416     353     284      38
  precision          0.0013  0.0013  0.0013  0.0013  0.0013  0.0013

w2v-own(2)
  mean               0.6031  0.6875  0.8448   0.878  0.8519  0.9398
  std. dev.           0.628  0.5728  0.4908  0.4184  0.4358   0.516
  weight sum             24     885     416     353     284      38
  precision          0.0022  0.0022  0.0022  0.0022  0.0022  0.0022

w2v-own(3)
  mean              -0.5091 -0.5232 -0.3644 -0.5839  -0.608 -0.4281
  std. dev.          0.5043  0.5454  0.5619   0.357  0.3443   0.379
  weight sum             24     885     416     353     284      38
  precision          0.0017  0.0017  0.0017  0.0017  0.0017  0.0017

w2v-own(4)
  mean               0.9486  0.9804  0.7702  0.7201  0.6941  0.4888
  std. dev.          0.7169  0.6991  0.6506  0.5213  0.5462  0.5879
  weight sum             24     885     416     353     284      38
  precision          0.0027  0.0027  0.0027  0.0027  0.0027  0.0027

w2v-own(5)
  mean              -0.2237 -0.0512 -0.0821 -0.2348 -0.2505  -0.277
  std. dev.          0.3092  0.4176  0.4777  0.3251  0.3039  0.2862
  weight sum             24     885     416     353     284      38
  precision          0.0015  0.0015  0.0015  0.0015  0.0015  0.0015

w2v-own(6)
  mean              -1.4799 -1.3758 -1.4005  -1.729 -1.7531 -1.7617
  std. dev.           0.631  0.7131  0.7977  0.5024   0.428  0.4385
  weight sum             24     885     416     353     284      38
  precision          0.0021  0.0021  0.0021  0.0021  0.0021  0.0021

w2v-own(7)
  mean               0.1683  0.1018 -0.0361  0.1259  0.1328 -0.0356
  std. dev.          0.2757  0.4693  0.5803  0.3267  0.2815  0.3217
  weight sum             24     885     416     353     284      38
  precision          0.0017  0.0017  0.0017  0.0017  0.0017  0.0017

w2v-own(8)
  mean               1.1967  1.2254  1.1301  1.3189  1.3625   1.255
  std. dev.          0.5873  0.5433  0.4874  0.3461  0.3789  0.3758
  weight sum             24     885     416     353     284      38
  precision           0.002   0.002   0.002   0.002   0.002   0.002

w2v-own(9)
  mean               1.1568  1.2495  0.9989  1.2611  1.2248  0.8911
  std. dev.          0.5416  0.7422  0.7959  0.5385  0.4991   0.546
  weight sum             24     885     416     353     284      38
  precision          0.0026  0.0026  0.0026  0.0026  0.0026  0.0026

w2v-own(10)
  mean               0.3652  0.3236  0.3101  0.4415   0.427  0.4132
  std. dev.          0.2125  0.3359  0.3721   0.246  0.2616  0.3021
  weight sum             24     885     416     353     284      38
  precision          0.0014  0.0014  0.0014  0.0014  0.0014  0.0014

w2v-own(11)
  mean              -2.0998 -2.0049 -1.8555 -1.9354 -1.9623 -1.8356
  std. dev.          0.4056  0.4263  0.4335  0.3682  0.4075  0.4064
  weight sum             24     885     416     353     284      38
  precision          0.0019  0.0019  0.0019  0.0019  0.0019  0.0019

w2v-own(12)
  mean              -0.4943 -0.2999 -0.3227 -0.7756 -0.8355 -0.8784
  std. dev.          0.7901  1.0579  1.1395  0.6572  0.5687  0.5148
  weight sum             24     885     416     353     284      38
  precision          0.0031  0.0031  0.0031  0.0031  0.0031  0.0031

w2v-own(13)
  mean              -0.9068 -0.8314 -0.7665 -0.7572 -0.7781 -0.7207
  std. dev.           0.255  0.2765  0.2394  0.2319  0.2735  0.3125
  weight sum             24     885     416     353     284      38
  precision          0.0013  0.0013  0.0013  0.0013  0.0013  0.0013

w2v-own(14)
  mean               0.2762  0.2252  0.2908  0.2605  0.2434  0.3074
  std. dev.          0.1786  0.2065  0.1934  0.1977   0.238  0.2758
  weight sum             24     885     416     353     284      38
  precision          0.0012  0.0012  0.0012  0.0012  0.0012  0.0012

w2v-own(15)
  mean               1.1177  0.9914  0.9027  1.0856  1.0723  0.9757
  std. dev.          0.3016  0.4407  0.5505  0.3098  0.2868  0.2853
  weight sum             24     885     416     353     284      38
  precision          0.0015  0.0015  0.0015  0.0015  0.0015  0.0015

w2v-own(16)
  mean               0.3451  0.2855  0.3027  0.3886  0.3859    0.39
  std. dev.          0.2452  0.3027  0.3286  0.2502  0.2229  0.1957
  weight sum             24     885     416     353     284      38
  precision          0.0012  0.0012  0.0012  0.0012  0.0012  0.0012

w2v-own(17)
  mean                0.344  0.4326  0.2783  0.2222  0.2296  0.0624
  std. dev.          0.3742  0.3638  0.3695  0.3539  0.3715  0.4008
  weight sum             24     885     416     353     284      38
  precision          0.0016  0.0016  0.0016  0.0016  0.0016  0.0016

w2v-own(18)
  mean               0.0063  0.1039  0.1227  0.1722  0.1686   0.115
  std. dev.          0.2876  0.2766  0.2187  0.2047  0.2419  0.2667
  weight sum             24     885     416     353     284      38
  precision          0.0014  0.0014  0.0014  0.0014  0.0014  0.0014

w2v-own(19)
  mean              -0.7332 -0.8476  -0.765 -0.8124 -0.7911 -0.6059
  std. dev.          0.3612  0.3522  0.2992  0.3076   0.294  0.2972
  weight sum             24     885     416     353     284      38
  precision          0.0013  0.0013  0.0013  0.0013  0.0013  0.0013

w2v-own(20)
  mean              -0.2699 -0.2591 -0.1927 -0.1437 -0.1372 -0.1012
  std. dev.          0.4154  0.3837  0.3028  0.2683  0.3146   0.387
  weight sum             24     885     416     353     284      38
  precision          0.0015  0.0015  0.0015  0.0015  0.0015  0.0015

w2v-own(21)
  mean                1.868  1.8364  1.6848  1.9758  2.0418   1.889
  std. dev.          0.6486  0.7006  0.7003  0.4429  0.4496  0.4553
  weight sum             24     885     416     353     284      38
  precision          0.0024  0.0024  0.0024  0.0024  0.0024  0.0024

w2v-own(22)
  mean               0.1346   0.006  0.1149 -0.1312  -0.091  0.1277
  std. dev.          0.8201   0.888  0.7859  0.6107  0.6144  0.7017
  weight sum             24     885     416     353     284      38
  precision          0.0029  0.0029  0.0029  0.0029  0.0029  0.0029

w2v-own(23)
  mean               0.2483  0.4229    0.44  0.6336  0.5965  0.5036
  std. dev.          0.7749  0.7298  0.5678  0.4516  0.4095  0.4754
  weight sum             24     885     416     353     284      38
  precision          0.0027  0.0027  0.0027  0.0027  0.0027  0.0027

w2v-own(24)
  mean              -0.8278  -0.684 -0.7033 -0.8533 -0.8951 -0.9685
  std. dev.          0.2098  0.3818  0.4425  0.3117  0.2884    0.18
  weight sum             24     885     416     353     284      38
  precision          0.0014  0.0014  0.0014  0.0014  0.0014  0.0014

w2v-own(25)
  mean              -0.8588 -0.8298 -0.8999  -0.824  -0.858 -0.9419
  std. dev.          0.1708  0.2864  0.3187   0.253  0.2843  0.3192
  weight sum             24     885     416     353     284      38
  precision          0.0014  0.0014  0.0014  0.0014  0.0014  0.0014

w2v-own(26)
  mean              -0.0543 -0.1509 -0.0943 -0.0214  0.0042  0.1098
  std. dev.           0.266   0.326  0.3389  0.3104  0.3044  0.2669
  weight sum             24     885     416     353     284      38
  precision          0.0014  0.0014  0.0014  0.0014  0.0014  0.0014

w2v-own(27)
  mean               0.4322  0.5407  0.6023  0.7485  0.7164  0.7151
  std. dev.           0.639   0.589   0.482  0.4045  0.4024   0.504
  weight sum             24     885     416     353     284      38
  precision          0.0022  0.0022  0.0022  0.0022  0.0022  0.0022

w2v-own(28)
  mean              -0.4287 -0.3677 -0.3735 -0.4843 -0.4955 -0.4921
  std. dev.          0.2676  0.2779  0.2807  0.2186  0.2494  0.2128
  weight sum             24     885     416     353     284      38
  precision          0.0011  0.0011  0.0011  0.0011  0.0011  0.0011

w2v-own(29)
  mean               0.0074 -0.0186 -0.1747  0.0485  0.1022 -0.0451
  std. dev.          0.3764  0.5812  0.6455  0.4097  0.4111  0.4393
  weight sum             24     885     416     353     284      38
  precision          0.0025  0.0025  0.0025  0.0025  0.0025  0.0025

w2v-own(30)
  mean                0.134  0.0601  0.1946  0.2389   0.345  0.5257
  std. dev.          0.4235  0.5024  0.4286  0.4165  0.5694  0.5382
  weight sum             24     885     416     353     284      38
  precision          0.0029  0.0029  0.0029  0.0029  0.0029  0.0029

w2v-own(31)
  mean               0.6995  0.5716  0.5297  0.4653  0.4712  0.4592
  std. dev.          0.3216  0.3382  0.2677  0.2219  0.2138  0.2046
  weight sum             24     885     416     353     284      38
  precision          0.0017  0.0017  0.0017  0.0017  0.0017  0.0017

w2v-own(32)
  mean              -0.6565 -0.8419 -0.7039 -0.7389 -0.6976 -0.5005
  std. dev.          0.4121  0.3979  0.3524  0.3806  0.3633  0.3592
  weight sum             24     885     416     353     284      38
  precision          0.0013  0.0013  0.0013  0.0013  0.0013  0.0013

w2v-own(33)
  mean              -0.2521 -0.2826  -0.036 -0.5229 -0.5173 -0.1969
  std. dev.          0.8697  1.1776  1.2584  0.7203  0.6222  0.6944
  weight sum             24     885     416     353     284      38
  precision          0.0036  0.0036  0.0036  0.0036  0.0036  0.0036

w2v-own(34)
  mean              -0.0996 -0.0508 -0.2438 -0.1035 -0.1426 -0.3977
  std. dev.          0.2976  0.4635  0.5434   0.353  0.3309  0.3405
  weight sum             24     885     416     353     284      38
  precision          0.0016  0.0016  0.0016  0.0016  0.0016  0.0016

w2v-own(35)
  mean              -2.1867 -1.9694 -1.7897 -2.0646 -2.0373 -1.8738
  std. dev.          0.5612  0.8338  0.9578  0.5318  0.4855    0.41
  weight sum             24     885     416     353     284      38
  precision          0.0032  0.0032  0.0032  0.0032  0.0032  0.0032

w2v-own(36)
  mean               1.1328  0.9258  0.8804  1.1473   1.162  1.1331
  std. dev.          0.3175  0.6417  0.7684   0.445  0.4021  0.3325
  weight sum             24     885     416     353     284      38
  precision          0.0021  0.0021  0.0021  0.0021  0.0021  0.0021

w2v-own(37)
  mean              -0.1986 -0.0656 -0.2584 -0.3325 -0.3732 -0.5745
  std. dev.          0.4711  0.5014  0.4581  0.3937  0.3938  0.3336
  weight sum             24     885     416     353     284      38
  precision          0.0018  0.0018  0.0018  0.0018  0.0018  0.0018

w2v-own(38)
  mean               0.1211 -0.0307  0.3323  0.2192  0.2872  0.6737
  std. dev.             0.6  0.7578  0.7994   0.594  0.5792  0.5076
  weight sum             24     885     416     353     284      38
  precision          0.0028  0.0028  0.0028  0.0028  0.0028  0.0028

w2v-own(39)
  mean              -1.9129  -1.974  -2.191 -1.9977 -1.9751 -2.1962
  std. dev.          0.3107  0.6369  0.7426  0.4673  0.4342   0.501
  weight sum             24     885     416     353     284      38
  precision          0.0031  0.0031  0.0031  0.0031  0.0031  0.0031

w2v-own(40)
  mean               0.7142  0.5453  0.5393  0.7152  0.7556  0.7563
  std. dev.          0.2262  0.3842  0.4324  0.2673  0.2474  0.1443
  weight sum             24     885     416     353     284      38
  precision          0.0013  0.0013  0.0013  0.0013  0.0013  0.0013

w2v-own(41)
  mean              -0.4988 -0.3788 -0.4852 -0.3985 -0.4008 -0.5383
  std. dev.            0.28  0.3279  0.3135   0.261  0.2374  0.2511
  weight sum             24     885     416     353     284      38
  precision          0.0011  0.0011  0.0011  0.0011  0.0011  0.0011

w2v-own(42)
  mean                0.213  0.3265  0.2132   0.312  0.3579   0.248
  std. dev.          0.5628  0.4971  0.4183  0.3694  0.3769  0.3824
  weight sum             24     885     416     353     284      38
  precision           0.002   0.002   0.002   0.002   0.002   0.002

w2v-own(43)
  mean               0.1294  0.1392  0.1568 -0.2593 -0.2839 -0.1862
  std. dev.          0.8693  1.0251  1.0139  0.5902  0.4872  0.5516
  weight sum             24     885     416     353     284      38
  precision          0.0028  0.0028  0.0028  0.0028  0.0028  0.0028

w2v-own(44)
  mean              -0.7872 -0.8779 -0.9031  -0.949 -0.9827 -0.9821
  std. dev.          0.5768  0.4913  0.3848  0.2985  0.2673  0.2278
  weight sum             24     885     416     353     284      38
  precision          0.0018  0.0018  0.0018  0.0018  0.0018  0.0018

w2v-own(45)
  mean              -0.7059 -0.6235 -0.5264 -0.2855   -0.28   -0.26
  std. dev.          0.9958  0.9412  0.7758  0.5326  0.4655  0.4661
  weight sum             24     885     416     353     284      38
  precision          0.0035  0.0035  0.0035  0.0035  0.0035  0.0035

w2v-own(46)
  mean              -0.8118 -1.0021 -0.7388 -0.7587 -0.6927 -0.3899
  std. dev.          0.5388  0.5908  0.5737  0.5536  0.5625  0.4902
  weight sum             24     885     416     353     284      38
  precision          0.0024  0.0024  0.0024  0.0024  0.0024  0.0024

w2v-own(47)
  mean              -1.3516 -1.0849  -1.177 -1.6217 -1.6476 -1.7707
  std. dev.          0.7328  1.0286  1.1766  0.7795  0.7251  0.7446
  weight sum             24     885     416     353     284      38
  precision          0.0033  0.0033  0.0033  0.0033  0.0033  0.0033

w2v-own(48)
  mean               0.8375  0.8358  0.7213  0.7486   0.705  0.5649
  std. dev.          0.4165  0.4562  0.4395  0.3199   0.307  0.2301
  weight sum             24     885     416     353     284      38
  precision           0.002   0.002   0.002   0.002   0.002   0.002

w2v-own(49)
  mean              -0.3589 -0.3045 -0.2461 -0.2546 -0.2776 -0.2338
  std. dev.          0.2108  0.2414  0.2078  0.2236  0.2998  0.3384
  weight sum             24     885     416     353     284      38
  precision          0.0014  0.0014  0.0014  0.0014  0.0014  0.0014

w2v-own(50)
  mean               0.1675  0.0718  0.0281  0.0799  0.0871  0.0735
  std. dev.          0.2353  0.2686  0.2726  0.2186  0.2672   0.288
  weight sum             24     885     416     353     284      38
  precision          0.0014  0.0014  0.0014  0.0014  0.0014  0.0014

w2v-own(51)
  mean              -0.7802  -0.836  -0.812 -0.9322 -0.9316 -0.8954
  std. dev.          0.4548  0.4243  0.3412  0.2723  0.2652  0.2969
  weight sum             24     885     416     353     284      38
  precision          0.0016  0.0016  0.0016  0.0016  0.0016  0.0016

w2v-own(52)
  mean               0.0304  0.0608  0.1764  0.1944  0.2551  0.3774
  std. dev.          0.7002  0.6542  0.5407  0.3657  0.3344  0.1849
  weight sum             24     885     416     353     284      38
  precision          0.0027  0.0027  0.0027  0.0027  0.0027  0.0027

w2v-own(53)
  mean               0.1739  0.0558 -0.1814  0.1368  0.0782  -0.187
  std. dev.          0.4229  0.8754  1.0739  0.5443  0.5017  0.5303
  weight sum             24     885     416     353     284      38
  precision           0.003   0.003   0.003   0.003   0.003   0.003

w2v-own(54)
  mean               0.0343  0.3105  0.2994 -0.0667 -0.0583 -0.0788
  std. dev.          0.5247  0.9283  1.1056  0.6833  0.6964  0.7581
  weight sum             24     885     416     353     284      38
  precision           0.003   0.003   0.003   0.003   0.003   0.003

w2v-own(55)
  mean              -0.4315 -0.4523 -0.6295 -0.5164 -0.5008 -0.6689
  std. dev.           0.268  0.4169  0.4646    0.31  0.2842  0.3036
  weight sum             24     885     416     353     284      38
  precision          0.0016  0.0016  0.0016  0.0016  0.0016  0.0016

w2v-own(56)
  mean              -0.0362   0.184  0.2136  0.1192  0.0847  0.0401
  std. dev.          0.3679  0.4359  0.4429  0.3721  0.3341  0.2408
  weight sum             24     885     416     353     284      38
  precision          0.0016  0.0016  0.0016  0.0016  0.0016  0.0016

w2v-own(57)
  mean              -0.0705 -0.0865 -0.0076  0.0715  0.1317  0.2277
  std. dev.           0.442  0.4189  0.3288  0.2457     0.3  0.2376
  weight sum             24     885     416     353     284      38
  precision           0.002   0.002   0.002   0.002   0.002   0.002

w2v-own(58)
  mean               1.9041  1.9061  1.8612  1.8657  1.8824  1.8603
  std. dev.          0.2333  0.2905  0.2781  0.2667  0.3088  0.3349
  weight sum             24     885     416     353     284      38
  precision          0.0016  0.0016  0.0016  0.0016  0.0016  0.0016

w2v-own(59)
  mean               0.6144  0.5671  0.7248  0.5521  0.6069   0.798
  std. dev.          0.2906  0.5418  0.5903  0.3914  0.4216  0.4274
  weight sum             24     885     416     353     284      38
  precision           0.002   0.002   0.002   0.002   0.002   0.002

w2v-own(60)
  mean                1.287   1.293   1.297  1.2123  1.2393  1.2539
  std. dev.          0.2263  0.3047  0.3263  0.2549   0.318  0.3632
  weight sum             24     885     416     353     284      38
  precision          0.0016  0.0016  0.0016  0.0016  0.0016  0.0016

w2v-own(61)
  mean               0.8089  0.6423  0.5983  0.6052  0.5759  0.5891
  std. dev.          0.5685  0.5374  0.4618   0.363  0.3391  0.2672
  weight sum             24     885     416     353     284      38
  precision          0.0023  0.0023  0.0023  0.0023  0.0023  0.0023

w2v-own(62)
  mean              -0.5984 -0.6345 -0.4085 -0.4666 -0.4125 -0.1554
  std. dev.          0.4454  0.5441  0.5465  0.3916  0.3857  0.3124
  weight sum             24     885     416     353     284      38
  precision          0.0021  0.0021  0.0021  0.0021  0.0021  0.0021

w2v-own(63)
  mean               1.2761  1.1996  1.3862  1.3516  1.4065  1.6561
  std. dev.          0.4144  0.4799  0.4805  0.3689  0.3528  0.3726
  weight sum             24     885     416     353     284      38
  precision           0.002   0.002   0.002   0.002   0.002   0.002

w2v-own(64)
  mean               0.1731  0.1474  0.1132  0.1776  0.0854  0.0063
  std. dev.          0.3939  0.4818  0.4796  0.3674  0.4312  0.4275
  weight sum             24     885     416     353     284      38
  precision          0.0021  0.0021  0.0021  0.0021  0.0021  0.0021

w2v-own(65)
  mean               0.3478  0.2726  0.2953  0.4279   0.514  0.5725
  std. dev.          0.4063  0.4632  0.3956  0.3215  0.4048  0.3278
  weight sum             24     885     416     353     284      38
  precision          0.0021  0.0021  0.0021  0.0021  0.0021  0.0021

w2v-own(66)
  mean              -0.2946 -0.2564 -0.2769 -0.4257 -0.4245 -0.4224
  std. dev.          0.2675   0.357   0.403  0.2541  0.2232  0.2628
  weight sum             24     885     416     353     284      38
  precision          0.0012  0.0012  0.0012  0.0012  0.0012  0.0012

w2v-own(67)
  mean              -1.1458  -1.209 -0.9917 -1.3466 -1.3658  -1.096
  std. dev.          0.7243   0.866  0.9201  0.5641  0.5037  0.5624
  weight sum             24     885     416     353     284      38
  precision          0.0025  0.0025  0.0025  0.0025  0.0025  0.0025

w2v-own(68)
  mean               1.0268  0.9152   1.021  1.1191   1.126  1.2584
  std. dev.          0.3606  0.3761  0.3508  0.3359  0.3744  0.4425
  weight sum             24     885     416     353     284      38
  precision          0.0018  0.0018  0.0018  0.0018  0.0018  0.0018

w2v-own(69)
  mean              -0.5118 -0.5131 -0.5269 -0.5595 -0.5614 -0.5702
  std. dev.          0.1081  0.1285  0.1367  0.1192  0.1074  0.1269
  weight sum             24     885     416     353     284      38
  precision          0.0005  0.0005  0.0005  0.0005  0.0005  0.0005

w2v-own(70)
  mean               1.5237  1.5428  1.5674  1.6777  1.6327  1.6175
  std. dev.          0.3263  0.3806   0.391  0.3503  0.3446  0.3756
  weight sum             24     885     416     353     284      38
  precision          0.0017  0.0017  0.0017  0.0017  0.0017  0.0017

w2v-own(71)
  mean              -0.1094 -0.1348 -0.2808 -0.0709 -0.0829 -0.2467
  std. dev.          0.2983  0.5254  0.6132  0.3488  0.3016  0.3281
  weight sum             24     885     416     353     284      38
  precision          0.0018  0.0018  0.0018  0.0018  0.0018  0.0018

w2v-own(72)
  mean              -0.0315  -0.104 -0.0804 -0.0434  0.0224  0.1093
  std. dev.          0.2115  0.2773  0.2316  0.2556  0.3365  0.3389
  weight sum             24     885     416     353     284      38
  precision          0.0016  0.0016  0.0016  0.0016  0.0016  0.0016

w2v-own(73)
  mean               1.0089  0.8555  0.8818   0.963  0.9986   1.069
  std. dev.          0.3492  0.4035  0.3934  0.3363  0.3455     0.3
  weight sum             24     885     416     353     284      38
  precision          0.0018  0.0018  0.0018  0.0018  0.0018  0.0018

w2v-own(74)
  mean              -1.7994 -1.9241 -1.8208 -2.1681 -2.1764 -1.9967
  std. dev.           1.069  1.0301   0.893  0.6117  0.5365   0.563
  weight sum             24     885     416     353     284      38
  precision          0.0031  0.0031  0.0031  0.0031  0.0031  0.0031

w2v-own(75)
  mean               0.1452  0.1126   0.188  0.3163  0.3105  0.3824
  std. dev.          0.3687  0.4041  0.3789  0.2891  0.3046  0.3733
  weight sum             24     885     416     353     284      38
  precision          0.0013  0.0013  0.0013  0.0013  0.0013  0.0013

w2v-own(76)
  mean               0.1364   0.088 -0.1704 -0.1225 -0.2277 -0.5526
  std. dev.           0.839  0.8879  0.8526  0.5538  0.5394  0.3385
  weight sum             24     885     416     353     284      38
  precision          0.0039  0.0039  0.0039  0.0039  0.0039  0.0039

w2v-own(77)
  mean               1.0081  1.1081  0.9876  0.9808  0.9543  0.8318
  std. dev.          0.2754  0.3031  0.2917  0.2921   0.292  0.2688
  weight sum             24     885     416     353     284      38
  precision          0.0012  0.0012  0.0012  0.0012  0.0012  0.0012

w2v-own(78)
  mean               0.9014  0.9559  0.9154  0.8731  0.8765  0.8693
  std. dev.          0.1643  0.2136  0.2215  0.1853  0.2221  0.2759
  weight sum             24     885     416     353     284      38
  precision          0.0011  0.0011  0.0011  0.0011  0.0011  0.0011

w2v-own(79)
  mean              -0.5821 -0.5211 -0.6516 -0.5176 -0.5701 -0.7683
  std. dev.          0.2165  0.4293  0.4703  0.3292  0.3757   0.401
  weight sum             24     885     416     353     284      38
  precision          0.0017  0.0017  0.0017  0.0017  0.0017  0.0017

w2v-own(80)
  mean               0.8903  0.6575  0.6389  1.1245  1.2272  1.2262
  std. dev.           0.754  1.1049   1.195   0.706  0.6622  0.5528
  weight sum             24     885     416     353     284      38
  precision          0.0038  0.0038  0.0038  0.0038  0.0038  0.0038

w2v-own(81)
  mean              -0.2901 -0.1873 -0.3427 -0.6096 -0.7124 -0.8735
  std. dev.          0.9779  0.9603  0.8202  0.5616  0.5328  0.3171
  weight sum             24     885     416     353     284      38
  precision          0.0036  0.0036  0.0036  0.0036  0.0036  0.0036

w2v-own(82)
  mean              -0.7259 -0.5802 -0.4871 -0.5124 -0.4673  -0.382
  std. dev.          0.6088  0.6053  0.5473  0.3578  0.3326  0.1625
  weight sum             24     885     416     353     284      38
  precision          0.0027  0.0027  0.0027  0.0027  0.0027  0.0027

w2v-own(83)
  mean               0.0515  0.1118  0.2188  0.4521  0.5048  0.6101
  std. dev.          0.8741  0.8386   0.686  0.4683  0.4241  0.3557
  weight sum             24     885     416     353     284      38
  precision          0.0029  0.0029  0.0029  0.0029  0.0029  0.0029

w2v-own(84)
  mean               -0.442 -0.4006 -0.4746 -0.6451 -0.6571 -0.6912
  std. dev.          0.4023  0.4508  0.4697  0.3349  0.2863  0.2999
  weight sum             24     885     416     353     284      38
  precision          0.0015  0.0015  0.0015  0.0015  0.0015  0.0015

w2v-own(85)
  mean               0.3521  0.2491  0.0983  0.0938  0.0321 -0.1587
  std. dev.          0.7093  0.6877  0.6035  0.3946  0.3963  0.2196
  weight sum             24     885     416     353     284      38
  precision          0.0031  0.0031  0.0031  0.0031  0.0031  0.0031

w2v-own(86)
  mean               0.1863  0.1683  0.0276  0.2149  0.2684   0.146
  std. dev.          0.4111  0.5137  0.5302  0.3437  0.3278  0.2774
  weight sum             24     885     416     353     284      38
  precision          0.0019  0.0019  0.0019  0.0019  0.0019  0.0019

w2v-own(87)
  mean              -0.4845   -0.36 -0.4617 -0.4621 -0.4716 -0.6528
  std. dev.          0.4732  0.4807  0.4151  0.4062  0.3777  0.3586
  weight sum             24     885     416     353     284      38
  precision          0.0017  0.0017  0.0017  0.0017  0.0017  0.0017

w2v-own(88)
  mean               0.0101 -0.1716 -0.1086 -0.4011 -0.4133 -0.2849
  std. dev.          0.8863  0.9019  0.7703  0.5197  0.4321  0.4222
  weight sum             24     885     416     353     284      38
  precision           0.003   0.003   0.003   0.003   0.003   0.003

w2v-own(89)
  mean              -0.2202  -0.066 -0.1514 -0.1814 -0.2105 -0.3383
  std. dev.           0.441  0.4427  0.4045  0.4027  0.3989  0.3534
  weight sum             24     885     416     353     284      38
  precision          0.0017  0.0017  0.0017  0.0017  0.0017  0.0017

w2v-own(90)
  mean              -0.4954 -0.6509  -0.657   -0.49 -0.4608 -0.4275
  std. dev.          0.1976  0.4425  0.5251   0.327  0.2955  0.1915
  weight sum             24     885     416     353     284      38
  precision          0.0017  0.0017  0.0017  0.0017  0.0017  0.0017

w2v-own(91)
  mean               0.0962  0.0206  0.2193  0.2643   0.257  0.4137
  std. dev.          0.4209  0.4041  0.4162  0.3865   0.372  0.4151
  weight sum             24     885     416     353     284      38
  precision          0.0016  0.0016  0.0016  0.0016  0.0016  0.0016

w2v-own(92)
  mean              -1.7007 -1.6299 -1.5085 -1.6464 -1.6728 -1.5476
  std. dev.          0.4146   0.503  0.5491  0.4025  0.4015  0.4156
  weight sum             24     885     416     353     284      38
  precision          0.0019  0.0019  0.0019  0.0019  0.0019  0.0019

w2v-own(93)
  mean               2.2331  2.3493  2.4988  2.4559  2.4889   2.574
  std. dev.          0.6382  0.5986  0.5778  0.3614  0.3073  0.2303
  weight sum             24     885     416     353     284      38
  precision          0.0025  0.0025  0.0025  0.0025  0.0025  0.0025

w2v-own(94)
  mean               0.7854  0.6749  0.5465  0.7406  0.7477  0.6104
  std. dev.          0.2795  0.4612   0.548  0.3048  0.3225   0.319
  weight sum             24     885     416     353     284      38
  precision          0.0019  0.0019  0.0019  0.0019  0.0019  0.0019

w2v-own(95)
  mean              -0.1611 -0.3306 -0.1822 -0.1962 -0.2105 -0.0139
  std. dev.          0.4254  0.4135  0.3724  0.4133  0.4933  0.5568
  weight sum             24     885     416     353     284      38
  precision          0.0023  0.0023  0.0023  0.0023  0.0023  0.0023

w2v-own(96)
  mean               1.2492  1.0479  0.9644  1.4612  1.4785  1.3873
  std. dev.          0.7041  1.0932  1.2381  0.6879  0.6642   0.726
  weight sum             24     885     416     353     284      38
  precision          0.0032  0.0032  0.0032  0.0032  0.0032  0.0032

w2v-own(97)
  mean               1.3559   1.346  1.1492  1.1659   1.101   0.891
  std. dev.          0.6234  0.6555  0.5837  0.4044  0.4205  0.2766
  weight sum             24     885     416     353     284      38
  precision          0.0026  0.0026  0.0026  0.0026  0.0026  0.0026

w2v-own(98)
  mean                0.012  0.1671  0.0873 -0.0962 -0.1221 -0.2368
  std. dev.          0.3299  0.4599  0.5368  0.4069   0.377  0.3127
  weight sum             24     885     416     353     284      38
  precision          0.0016  0.0016  0.0016  0.0016  0.0016  0.0016

w2v-own(99)
  mean               1.2554  1.1629  1.2866  1.3587  1.3468  1.5056
  std. dev.          0.4044  0.4126  0.3844  0.4003  0.4819  0.5939
  weight sum             24     885     416     353     284      38
  precision          0.0024  0.0024  0.0024  0.0024  0.0024  0.0024

w2v-own(100)
  mean              -1.2101 -1.0808 -1.0818 -1.0844 -1.0249 -1.0304
  std. dev.          0.7217   0.727  0.6237  0.4878  0.4892  0.3896
  weight sum             24     885     416     353     284      38
  precision          0.0031  0.0031  0.0031  0.0031  0.0031  0.0031



Time taken to build model: 0.47 seconds

=== Stratified cross-validation ===
=== Summary ===

Correctly Classified Instances         419               20.95   %
Incorrectly Classified Instances      1581               79.05   %
Kappa statistic                          0.0598
Mean absolute error                      0.2631
Root mean squared error                  0.4886
Relative absolute error                111.2299 %
Root relative squared error            142.1209 %
Total Number of Instances             2000     

=== Detailed Accuracy By Class ===

                 TP Rate  FP Rate  Precision  Recall   F-Measure  MCC      ROC Area  PRC Area  Class
                 0,167    0,072    0,027      0,167    0,047      0,039    0,516     0,016     1
                 0,153    0,073    0,625      0,153    0,245      0,128    0,652     0,568     2
                 0,127    0,051    0,398      0,127    0,193      0,125    0,544     0,267     3
                 0,405    0,379    0,186      0,405    0,255      0,021    0,556     0,190     4
                 0,229    0,171    0,182      0,229    0,202      0,053    0,578     0,167     5
                 0,500    0,183    0,050      0,500    0,091      0,110    0,738     0,054     6
Weighted Avg.    0,210    0,138    0,419      0,210    0,225      0,096    0,602     0,365     

=== Confusion Matrix ===

   a   b   c   d   e   f   <-- classified as
   4   3   1   5   7   4 |   a = 1
  87 135  66 363 132 102 |   b = 2
  33  40  53 140  60  90 |   c = 3
  15  23   8 143  84  80 |   d = 4
   8  14   3 110  65  84 |   e = 5
   0   1   2   6  10  19 |   f = 6

