=== Run information ===

Scheme:       weka.classifiers.bayes.NaiveBayes 
Relation:     comment-position-2
Instances:    2000
Attributes:   102
              [list of attributes omitted]
Test mode:    10-fold cross-validation

=== Classifier model (full training set) ===

Naive Bayes Classifier

                     Class
Attribute                1       2       3       4       5       6       7
                     (0.1)   (0.2)  (0.27)  (0.25)  (0.07)  (0.08)  (0.03)
===========================================================================
number_of_tokens
  mean              18.4461 18.4196 19.1232 18.5508 19.2905 18.2632 17.6774
  std. dev.          7.8498  6.5798   7.582  6.7136  7.4492  8.2244  7.9205
  weight sum            204     398     544     492     148     152      62
  precision               1       1       1       1       1       1       1

w2v-own(1)
  mean              -0.7003 -0.6013 -0.5466 -0.4436 -0.5856 -0.6196  -0.721
  std. dev.          0.4377  0.5369   0.509  0.4489  0.4378  0.4541  0.4446
  weight sum            204     398     544     492     148     152      62
  precision          0.0015  0.0015  0.0015  0.0015  0.0015  0.0015  0.0015

w2v-own(2)
  mean               0.6668  0.7603  0.8667  1.0193   0.801  0.7485  0.7841
  std. dev.          0.5763  0.6112  0.5561   0.449  0.5494  0.4792  0.5267
  weight sum            204     398     544     492     148     152      62
  precision           0.002   0.002   0.002   0.002   0.002   0.002   0.002

w2v-own(3)
  mean              -0.2569  0.1032  0.2042   0.403  0.0898 -0.0454 -0.3603
  std. dev.          0.7842  0.8968  0.9111   0.908  0.9252  0.8897  0.7647
  weight sum            204     398     544     492     148     152      62
  precision          0.0018  0.0018  0.0018  0.0018  0.0018  0.0018  0.0018

w2v-own(4)
  mean               1.0473   1.087  1.0283  0.8464  1.0605  1.0274  0.9429
  std. dev.          0.7372  0.7087  0.6374  0.5034  0.5818  0.5347  0.6709
  weight sum            204     398     544     492     148     152      62
  precision          0.0024  0.0024  0.0024  0.0024  0.0024  0.0024  0.0024

w2v-own(5)
  mean                0.206  0.4767   0.614  0.7429  0.4811  0.3929  0.0705
  std. dev.          0.5934  0.7377  0.7161  0.6888  0.7268  0.6661  0.6324
  weight sum            204     398     544     492     148     152      62
  precision          0.0014  0.0014  0.0014  0.0014  0.0014  0.0014  0.0014

w2v-own(6)
  mean                -0.94 -0.5699 -0.4071 -0.1859 -0.5916 -0.7224 -1.2426
  std. dev.          0.9489  1.1519  1.1265  1.1296  1.1607  1.1169  0.9835
  weight sum            204     398     544     492     148     152      62
  precision          0.0022  0.0022  0.0022  0.0022  0.0022  0.0022  0.0022

w2v-own(7)
  mean              -0.1467 -0.4928  -0.665   -0.93 -0.5057  -0.381 -0.0835
  std. dev.          0.7425  0.9625  0.9696  0.9546  0.9489  0.8913  0.7382
  weight sum            204     398     544     492     148     152      62
  precision          0.0019  0.0019  0.0019  0.0019  0.0019  0.0019  0.0019

w2v-own(8)
  mean               1.0062   0.792  0.7615  0.6398  0.8225  0.8852   1.119
  std. dev.          0.6588  0.6543  0.6468  0.6555  0.6798  0.6706  0.5658
  weight sum            204     398     544     492     148     152      62
  precision          0.0018  0.0018  0.0018  0.0018  0.0018  0.0018  0.0018

w2v-own(9)
  mean                0.897  0.4235  0.2806 -0.0648  0.4124  0.5387  0.9421
  std. dev.          1.1347  1.3946  1.4556  1.3842  1.4324  1.3304  1.1326
  weight sum            204     398     544     492     148     152      62
  precision          0.0033  0.0033  0.0033  0.0033  0.0033  0.0033  0.0033

w2v-own(10)
  mean               0.1317 -0.0671 -0.1594 -0.3134  -0.083 -0.0221  0.2254
  std. dev.          0.4706  0.5994  0.6222  0.6274  0.6242  0.5823  0.4554
  weight sum            204     398     544     492     148     152      62
  precision          0.0016  0.0016  0.0016  0.0016  0.0016  0.0016  0.0016

w2v-own(11)
  mean              -1.8996 -1.7612 -1.7276 -1.5876  -1.782 -1.7565 -1.9412
  std. dev.          0.4904  0.5422  0.5045  0.4757  0.4811  0.4696  0.4187
  weight sum            204     398     544     492     148     152      62
  precision           0.002   0.002   0.002   0.002   0.002   0.002   0.002

w2v-own(12)
  mean               0.3294  1.0358   1.317  1.6392   1.056  0.7446 -0.0664
  std. dev.          1.4837  1.7075  1.7159  1.7876  1.7707  1.6735  1.4397
  weight sum            204     398     544     492     148     152      62
  precision          0.0034  0.0034  0.0034  0.0034  0.0034  0.0034  0.0034

w2v-own(13)
  mean              -0.8422 -0.8527 -0.8469 -0.8059 -0.8854 -0.8421 -0.8389
  std. dev.          0.2927  0.3077  0.2854  0.2759  0.2771  0.2642  0.2687
  weight sum            204     398     544     492     148     152      62
  precision          0.0011  0.0011  0.0011  0.0011  0.0011  0.0011  0.0011

w2v-own(14)
  mean               0.2579  0.3531  0.3937  0.4555  0.3825  0.3041  0.2856
  std. dev.          0.2348  0.2749  0.2802  0.2875  0.2739  0.2765  0.2431
  weight sum            204     398     544     492     148     152      62
  precision           0.001   0.001   0.001   0.001   0.001   0.001   0.001

w2v-own(15)
  mean               0.7214  0.4113  0.2772  0.0501  0.4197  0.4853   0.869
  std. dev.          0.6861  0.8636  0.8633  0.8452   0.859  0.7994  0.6818
  weight sum            204     398     544     492     148     152      62
  precision          0.0015  0.0015  0.0015  0.0015  0.0015  0.0015  0.0015

w2v-own(16)
  mean               0.1577   0.074  -0.019 -0.1198  0.0676  0.1123  0.2462
  std. dev.          0.3727   0.475  0.4563  0.4315  0.4475   0.423  0.3587
  weight sum            204     398     544     492     148     152      62
  precision          0.0015  0.0015  0.0015  0.0015  0.0015  0.0015  0.0015

w2v-own(17)
  mean               0.5272  0.5645   0.618  0.5825  0.5755  0.5254  0.3823
  std. dev.          0.3251  0.3258  0.3176  0.3211  0.2854   0.289  0.3543
  weight sum            204     398     544     492     148     152      62
  precision          0.0013  0.0013  0.0013  0.0013  0.0013  0.0013  0.0013

w2v-own(18)
  mean               0.0557  0.0443  0.0625  0.0784  0.0514  0.0984  0.0863
  std. dev.          0.2776  0.2844  0.2729  0.2405  0.2861  0.2759  0.2956
  weight sum            204     398     544     492     148     152      62
  precision          0.0011  0.0011  0.0011  0.0011  0.0011  0.0011  0.0011

w2v-own(19)
  mean              -0.8002 -0.7378 -0.7744 -0.7622 -0.7732   -0.77 -0.7845
  std. dev.          0.3812  0.3977  0.4352  0.3976  0.3768  0.3226  0.3388
  weight sum            204     398     544     492     148     152      62
  precision          0.0018  0.0018  0.0018  0.0018  0.0018  0.0018  0.0018

w2v-own(20)
  mean              -0.3236 -0.3727 -0.3556 -0.3307 -0.3737 -0.3459 -0.2366
  std. dev.          0.4015  0.3909  0.3409  0.3029  0.3368  0.3134  0.3543
  weight sum            204     398     544     492     148     152      62
  precision          0.0012  0.0012  0.0012  0.0012  0.0012  0.0012  0.0012

w2v-own(21)
  mean                1.456  1.0091  0.8805  0.6593  1.0302  1.1941  1.6491
  std. dev.          1.0055  1.1201  1.1078  1.0933  1.1363  1.1231   0.961
  weight sum            204     398     544     492     148     152      62
  precision          0.0024  0.0024  0.0024  0.0024  0.0024  0.0024  0.0024

w2v-own(22)
  mean               0.3365  0.8056  0.8772  1.0443  0.7923  0.6227  0.2262
  std. dev.          1.1402  1.2151  1.2657  1.2138  1.2614  1.1386  1.0773
  weight sum            204     398     544     492     148     152      62
  precision           0.003   0.003   0.003   0.003   0.003   0.003   0.003

w2v-own(23)
  mean               0.2014  0.0469  0.0525  0.0278  0.0663  0.1437  0.3281
  std. dev.          0.8219  0.8457  0.8328  0.7389  0.8578   0.769  0.7767
  weight sum            204     398     544     492     148     152      62
  precision          0.0027  0.0027  0.0027  0.0027  0.0027  0.0027  0.0027

w2v-own(24)
  mean              -0.4675 -0.2771 -0.1516 -0.0154 -0.2707 -0.3613 -0.6424
  std. dev.          0.5064  0.5899  0.5982   0.619  0.5898   0.573  0.4242
  weight sum            204     398     544     492     148     152      62
  precision          0.0018  0.0018  0.0018  0.0018  0.0018  0.0018  0.0018

w2v-own(25)
  mean              -0.9244 -1.1002 -1.1631 -1.2938 -1.1081 -1.0582  -0.931
  std. dev.          0.3821  0.4769  0.5191  0.5481  0.5126  0.4585   0.349
  weight sum            204     398     544     492     148     152      62
  precision          0.0014  0.0014  0.0014  0.0014  0.0014  0.0014  0.0014

w2v-own(26)
  mean              -0.2596 -0.3485 -0.4595  -0.541 -0.3807 -0.2925 -0.1394
  std. dev.          0.3789  0.4341  0.4374  0.4185  0.4059   0.384  0.3539
  weight sum            204     398     544     492     148     152      62
  precision          0.0014  0.0014  0.0014  0.0014  0.0014  0.0014  0.0014

w2v-own(27)
  mean               0.3904  0.3045  0.2994  0.2739  0.3172  0.3698  0.5361
  std. dev.          0.6096  0.6152  0.5847  0.5065  0.5981  0.5507  0.5695
  weight sum            204     398     544     492     148     152      62
  precision           0.002   0.002   0.002   0.002   0.002   0.002   0.002

w2v-own(28)
  mean              -0.2148 -0.0832 -0.0438  0.0018 -0.1021 -0.1457 -0.3084
  std. dev.          0.3301  0.3911  0.3792   0.384  0.3913  0.3865  0.3627
  weight sum            204     398     544     492     148     152      62
  precision           0.001   0.001   0.001   0.001   0.001   0.001   0.001

w2v-own(29)
  mean              -0.3088 -0.7558 -0.9382 -1.1866 -0.7733 -0.5541 -0.1941
  std. dev.          0.8679  1.0508  1.0569   1.094  1.0493  1.0221  0.8414
  weight sum            204     398     544     492     148     152      62
  precision          0.0025  0.0025  0.0025  0.0025  0.0025  0.0025  0.0025

w2v-own(30)
  mean               0.0106  0.0451  0.0436  0.1693  0.0562  0.1215  0.1233
  std. dev.          0.5083  0.5144  0.5492  0.4822   0.451  0.4507  0.3951
  weight sum            204     398     544     492     148     152      62
  precision          0.0028  0.0028  0.0028  0.0028  0.0028  0.0028  0.0028

w2v-own(31)
  mean               0.6171  0.6234  0.6197  0.5969  0.6055  0.5653  0.5887
  std. dev.          0.3401   0.396   0.338  0.3067  0.3565  0.3481  0.3131
  weight sum            204     398     544     492     148     152      62
  precision          0.0018  0.0018  0.0018  0.0018  0.0018  0.0018  0.0018

w2v-own(32)
  mean              -0.8318 -0.7953 -0.8234 -0.7478 -0.8177 -0.8058 -0.7901
  std. dev.           0.397  0.3926  0.4255  0.3789  0.3936  0.3541  0.3967
  weight sum            204     398     544     492     148     152      62
  precision          0.0017  0.0017  0.0017  0.0017  0.0017  0.0017  0.0017

w2v-own(33)
  mean               0.3608  1.2097  1.4685  1.9509  1.2216  0.9105  0.1517
  std. dev.          1.7854  2.1181  2.2069  2.2055    2.25  2.0727  1.7647
  weight sum            204     398     544     492     148     152      62
  precision          0.0039  0.0039  0.0039  0.0039  0.0039  0.0039  0.0039

w2v-own(34)
  mean              -0.2474 -0.5724 -0.6803 -0.9305 -0.5757 -0.4853 -0.2646
  std. dev.          0.7075  0.9024  0.9617  0.9367  0.9108  0.8363  0.7037
  weight sum            204     398     544     492     148     152      62
  precision           0.002   0.002   0.002   0.002   0.002   0.002   0.002

w2v-own(35)
  mean              -1.5278 -0.9826 -0.6997 -0.2752 -0.9619 -1.1115 -1.7198
  std. dev.          1.3115  1.6484  1.6126  1.5098  1.5891   1.488  1.2919
  weight sum            204     398     544     492     148     152      62
  precision          0.0031  0.0031  0.0031  0.0031  0.0031  0.0031  0.0031

w2v-own(36)
  mean                0.517  0.0598 -0.1838 -0.4723  0.0454  0.2351  0.7672
  std. dev.          0.9912  1.2331  1.2298  1.2204  1.2284  1.1557  0.9621
  weight sum            204     398     544     492     148     152      62
  precision          0.0023  0.0023  0.0023  0.0023  0.0023  0.0023  0.0023

w2v-own(37)
  mean               0.0505  0.1019  0.1075  0.0029  0.0921  0.0532 -0.1229
  std. dev.          0.4924  0.5006  0.4937  0.4469  0.4139  0.3944  0.4552
  weight sum            204     398     544     492     148     152      62
  precision          0.0018  0.0018  0.0018  0.0018  0.0018  0.0018  0.0018

w2v-own(38)
  mean                  0.1  0.3863  0.5249  0.9041     0.4  0.3376   0.243
  std. dev.          0.9747  1.2663  1.3191  1.2245  1.1901  1.1007  0.9609
  weight sum            204     398     544     492     148     152      62
  precision          0.0032  0.0032  0.0032  0.0032  0.0032  0.0032  0.0032

w2v-own(39)
  mean              -2.2774 -2.8332 -3.0762 -3.3961 -2.8813 -2.6302 -2.2911
  std. dev.           1.026  1.3782  1.3956  1.3903  1.3478  1.2581  1.1374
  weight sum            204     398     544     492     148     152      62
  precision          0.0029  0.0029  0.0029  0.0029  0.0029  0.0029  0.0029

w2v-own(40)
  mean               0.2823 -0.0278 -0.1343 -0.2512 -0.0168  0.0822  0.4261
  std. dev.           0.561  0.6697  0.6479  0.6605  0.6718  0.6523  0.5791
  weight sum            204     398     544     492     148     152      62
  precision          0.0014  0.0014  0.0014  0.0014  0.0014  0.0014  0.0014

w2v-own(41)
  mean              -0.4664 -0.6267 -0.6763 -0.7648 -0.6275 -0.5426 -0.4822
  std. dev.          0.4274  0.4873  0.5011  0.4841   0.489   0.467  0.4305
  weight sum            204     398     544     492     148     152      62
  precision           0.001   0.001   0.001   0.001   0.001   0.001   0.001

w2v-own(42)
  mean               0.2505  0.0957   0.074 -0.0117  0.1017  0.1901  0.2889
  std. dev.          0.5456  0.5086  0.4888  0.4927  0.4963  0.4823  0.4833
  weight sum            204     398     544     492     148     152      62
  precision          0.0017  0.0017  0.0017  0.0017  0.0017  0.0017  0.0017

w2v-own(43)
  mean               0.7051   1.348  1.5504  1.7757  1.3396  1.0559  0.4039
  std. dev.           1.437  1.6528  1.6281  1.6125  1.6916  1.5863  1.4932
  weight sum            204     398     544     492     148     152      62
  precision           0.003   0.003   0.003   0.003   0.003   0.003   0.003

w2v-own(44)
  mean              -0.8647 -0.8729  -0.957 -1.0284 -0.9036 -0.8982 -0.9235
  std. dev.          0.5309  0.5291  0.4827  0.3986   0.465  0.3869  0.4685
  weight sum            204     398     544     492     148     152      62
  precision          0.0019  0.0019  0.0019  0.0019  0.0019  0.0019  0.0019

w2v-own(45)
  mean                -0.93 -1.2383 -1.2598 -1.2623 -1.2105 -1.0461 -0.7258
  std. dev.          1.0692  1.0236  0.9562  0.8819  1.0174  0.9026  0.9979
  weight sum            204     398     544     492     148     152      62
  precision           0.003   0.003   0.003   0.003   0.003   0.003   0.003

w2v-own(46)
  mean              -1.0205 -0.9584 -0.9711 -0.7547 -0.9574 -0.9006 -0.8799
  std. dev.          0.5974  0.6685  0.7501   0.691   0.658  0.5968  0.5556
  weight sum            204     398     544     492     148     152      62
  precision          0.0028  0.0028  0.0028  0.0028  0.0028  0.0028  0.0028

w2v-own(47)
  mean               -0.455  0.1359  0.4442  0.7884  0.1507 -0.0899 -0.9161
  std. dev.          1.3902  1.6764    1.67  1.6989  1.7088  1.6171  1.3778
  weight sum            204     398     544     492     148     152      62
  precision          0.0034  0.0034  0.0034  0.0034  0.0034  0.0034  0.0034

w2v-own(48)
  mean               0.7783  0.7125  0.6497  0.4961  0.7222  0.7123  0.7614
  std. dev.           0.562  0.6513  0.6303  0.5466  0.5426  0.4905  0.5433
  weight sum            204     398     544     492     148     152      62
  precision          0.0018  0.0018  0.0018  0.0018  0.0018  0.0018  0.0018

w2v-own(49)
  mean              -0.2674 -0.2139 -0.2099 -0.1892 -0.2299 -0.2284 -0.2318
  std. dev.          0.2336  0.2405  0.2111  0.1964  0.2047  0.2414  0.2074
  weight sum            204     398     544     492     148     152      62
  precision          0.0011  0.0011  0.0011  0.0011  0.0011  0.0011  0.0011

w2v-own(50)
  mean              -0.0256 -0.1599 -0.2363   -0.34 -0.1651 -0.1307  0.0034
  std. dev.          0.3356   0.412  0.3971   0.385  0.3936  0.3682   0.323
  weight sum            204     398     544     492     148     152      62
  precision          0.0013  0.0013  0.0013  0.0013  0.0013  0.0013  0.0013

w2v-own(51)
  mean              -0.7114  -0.611 -0.6149 -0.5644 -0.6267 -0.6545 -0.7858
  std. dev.          0.4769  0.4933     0.5  0.4544   0.488  0.4585  0.3947
  weight sum            204     398     544     492     148     152      62
  precision          0.0017  0.0017  0.0017  0.0017  0.0017  0.0017  0.0017

w2v-own(52)
  mean               0.0775  0.1313  0.2503   0.424  0.1536  0.1587  0.1605
  std. dev.          0.7418  0.8188  0.7552  0.6413  0.6945  0.6239   0.676
  weight sum            204     398     544     492     148     152      62
  precision          0.0024  0.0024  0.0024  0.0024  0.0024  0.0024  0.0024

w2v-own(53)
  mean              -0.4401 -1.1205 -1.4411 -1.9397 -1.1692 -0.9397  -0.328
  std. dev.          1.4526  1.9025  1.9404  1.8987  1.9022  1.7668  1.4824
  weight sum            204     398     544     492     148     152      62
  precision          0.0034  0.0034  0.0034  0.0034  0.0034  0.0034  0.0034

w2v-own(54)
  mean               0.8641  1.5144  1.8568  2.2501  1.5662  1.3083  0.5569
  std. dev.          1.3756  1.7378  1.7434  1.7605  1.7597  1.6331  1.3764
  weight sum            204     398     544     492     148     152      62
  precision          0.0033  0.0033  0.0033  0.0033  0.0033  0.0033  0.0033

w2v-own(55)
  mean              -0.6105 -0.9387 -1.0739 -1.3032 -0.9764 -0.8439 -0.6277
  std. dev.          0.6223  0.8221  0.8396  0.8255  0.8098  0.7571  0.6469
  weight sum            204     398     544     492     148     152      62
  precision          0.0018  0.0018  0.0018  0.0018  0.0018  0.0018  0.0018

w2v-own(56)
  mean               0.3536  0.5741  0.7096  0.8527   0.593  0.5157  0.2867
  std. dev.          0.5189  0.6148  0.6045  0.6085  0.6158  0.5569  0.4927
  weight sum            204     398     544     492     148     152      62
  precision           0.002   0.002   0.002   0.002   0.002   0.002   0.002

w2v-own(57)
  mean              -0.1785 -0.2382  -0.236  -0.181 -0.2415 -0.1692 -0.0837
  std. dev.          0.4328  0.3911  0.3593  0.3125   0.344  0.3402  0.3697
  weight sum            204     398     544     492     148     152      62
  precision          0.0017  0.0017  0.0017  0.0017  0.0017  0.0017  0.0017

w2v-own(58)
  mean                1.905  1.9659  1.9771  1.9564  1.9861  1.9499  1.9369
  std. dev.          0.3171  0.3209  0.2964  0.3052  0.2665  0.2782  0.2555
  weight sum            204     398     544     492     148     152      62
  precision          0.0014  0.0014  0.0014  0.0014  0.0014  0.0014  0.0014

w2v-own(59)
  mean               0.8129   1.174  1.3099  1.5785  1.2033  1.0807  0.8043
  std. dev.          0.8297  1.0782  1.1422  1.1024  1.0879  1.0089  0.8331
  weight sum            204     398     544     492     148     152      62
  precision          0.0025  0.0025  0.0025  0.0025  0.0025  0.0025  0.0025

w2v-own(60)
  mean               1.4096  1.5704  1.6458  1.7537  1.5959  1.5336  1.4091
  std. dev.          0.3865  0.5098  0.5346  0.5401  0.5166  0.4718  0.3931
  weight sum            204     398     544     492     148     152      62
  precision          0.0019  0.0019  0.0019  0.0019  0.0019  0.0019  0.0019

w2v-own(61)
  mean               0.6095   0.586  0.4802  0.3229  0.5802  0.5494  0.6378
  std. dev.          0.5755  0.6113   0.571  0.5149  0.5711  0.4732   0.479
  weight sum            204     398     544     492     148     152      62
  precision          0.0022  0.0022  0.0022  0.0022  0.0022  0.0022  0.0022

w2v-own(62)
  mean              -0.5227 -0.3368  -0.263 -0.0439 -0.3399 -0.3563 -0.4281
  std. dev.          0.7193  0.8933  0.9012  0.8076  0.8037  0.7508  0.6835
  weight sum            204     398     544     492     148     152      62
  precision          0.0024  0.0024  0.0024  0.0024  0.0024  0.0024  0.0024

w2v-own(63)
  mean               1.2725  1.4665  1.5635  1.7443  1.4812  1.4013  1.4077
  std. dev.          0.6308  0.8279  0.8467   0.789  0.7325  0.6827  0.6882
  weight sum            204     398     544     492     148     152      62
  precision          0.0021  0.0021  0.0021  0.0021  0.0021  0.0021  0.0021

w2v-own(64)
  mean               0.0181 -0.1197 -0.2453 -0.3987 -0.1427 -0.1009  0.0716
  std. dev.          0.6274  0.7821  0.7793   0.697   0.679  0.6512  0.6405
  weight sum            204     398     544     492     148     152      62
  precision           0.002   0.002   0.002   0.002   0.002   0.002   0.002

w2v-own(65)
  mean               0.0981 -0.1013 -0.1759 -0.1894 -0.0911  0.0382  0.2426
  std. dev.          0.5345  0.5102  0.4881  0.5005  0.4742  0.4954  0.4296
  weight sum            204     398     544     492     148     152      62
  precision          0.0021  0.0021  0.0021  0.0021  0.0021  0.0021  0.0021

w2v-own(66)
  mean              -0.0337  0.1708  0.2706  0.3696  0.1779   0.089 -0.1564
  std. dev.          0.5115  0.6469  0.6248  0.6255  0.6506  0.6233  0.5407
  weight sum            204     398     544     492     148     152      62
  precision          0.0014  0.0014  0.0014  0.0014  0.0014  0.0014  0.0014

w2v-own(67)
  mean              -0.7611 -0.1881 -0.0147  0.3339  -0.193 -0.4157 -0.9327
  std. dev.          1.2905  1.5378  1.5781  1.5453  1.5729  1.5003  1.2995
  weight sum            204     398     544     492     148     152      62
  precision          0.0029  0.0029  0.0029  0.0029  0.0029  0.0029  0.0029

w2v-own(68)
  mean               0.7743  0.6897  0.6549  0.6469  0.6911  0.7156  0.9642
  std. dev.          0.3655  0.3954  0.3602  0.3591  0.3527  0.3731  0.3652
  weight sum            204     398     544     492     148     152      62
  precision          0.0015  0.0015  0.0015  0.0015  0.0015  0.0015  0.0015

w2v-own(69)
  mean              -0.4688 -0.4459 -0.4229 -0.4116 -0.4421 -0.4595 -0.5082
  std. dev.          0.1622  0.2024  0.1993  0.1899  0.1823  0.1852  0.1797
  weight sum            204     398     544     492     148     152      62
  precision          0.0006  0.0006  0.0006  0.0006  0.0006  0.0006  0.0006

w2v-own(70)
  mean               1.4042  1.3603  1.3001  1.1919  1.3666   1.397  1.5749
  std. dev.          0.4121  0.4838  0.4706  0.4271  0.4451  0.4814  0.4153
  weight sum            204     398     544     492     148     152      62
  precision          0.0015  0.0015  0.0015  0.0015  0.0015  0.0015  0.0015

w2v-own(71)
  mean              -0.4291  -0.836 -1.0002 -1.2818 -0.8671 -0.7101 -0.3588
  std. dev.            0.83  1.0324  1.0805  1.0959  1.1001  1.0129  0.8146
  weight sum            204     398     544     492     148     152      62
  precision           0.002   0.002   0.002   0.002   0.002   0.002   0.002

w2v-own(72)
  mean              -0.1303 -0.1424 -0.1502 -0.1199 -0.1325 -0.1154 -0.0829
  std. dev.          0.2771   0.287  0.3086  0.2715  0.2261  0.2797  0.2432
  weight sum            204     398     544     492     148     152      62
  precision          0.0015  0.0015  0.0015  0.0015  0.0015  0.0015  0.0015

w2v-own(73)
  mean               0.7005  0.5668  0.4458   0.379  0.5632    0.64  0.8314
  std. dev.          0.5011  0.5688  0.5417  0.5061   0.507  0.4781  0.4325
  weight sum            204     398     544     492     148     152      62
  precision           0.002   0.002   0.002   0.002   0.002   0.002   0.002

w2v-own(74)
  mean              -1.4974 -1.0353 -0.9492   -0.76  -1.056  -1.247 -1.7365
  std. dev.          1.3078  1.3506  1.3591  1.3138  1.4031  1.3265  1.2064
  weight sum            204     398     544     492     148     152      62
  precision          0.0031  0.0031  0.0031  0.0031  0.0031  0.0031  0.0031

w2v-own(75)
  mean              -0.0709 -0.2299 -0.2914 -0.3395 -0.2536 -0.1622  0.0652
  std. dev.          0.4692  0.5116   0.505  0.5216  0.5312  0.5025   0.464
  weight sum            204     398     544     492     148     152      62
  precision          0.0012  0.0012  0.0012  0.0012  0.0012  0.0012  0.0012

w2v-own(76)
  mean              -0.0605 -0.3299 -0.4882  -0.821 -0.3606 -0.3413  -0.179
  std. dev.          1.1458  1.3582  1.3298   1.158  1.1908  1.0712  1.1152
  weight sum            204     398     544     492     148     152      62
  precision          0.0036  0.0036  0.0036  0.0036  0.0036  0.0036  0.0036

w2v-own(77)
  mean               1.1558  1.1885  1.2043  1.1058  1.1793  1.1295  1.0989
  std. dev.          0.2818  0.3162   0.339  0.3309  0.3033  0.2858  0.3132
  weight sum            204     398     544     492     148     152      62
  precision          0.0013  0.0013  0.0013  0.0013  0.0013  0.0013  0.0013

w2v-own(78)
  mean               1.0494  1.1824  1.2376  1.2438  1.1899  1.1279  1.0311
  std. dev.          0.2666  0.3269  0.3241  0.3301  0.3075  0.2864  0.3056
  weight sum            204     398     544     492     148     152      62
  precision           0.001   0.001   0.001   0.001   0.001   0.001   0.001

w2v-own(79)
  mean              -0.7055 -0.9975 -1.1069 -1.3181 -1.0091 -0.9121 -0.7057
  std. dev.          0.6492  0.8388  0.9035  0.8587  0.8426   0.768  0.6614
  weight sum            204     398     544     492     148     152      62
  precision          0.0019  0.0019  0.0019  0.0019  0.0019  0.0019  0.0019

w2v-own(80)
  mean              -0.0319 -0.8174  -1.144 -1.4722 -0.8457 -0.4869  0.3514
  std. dev.          1.6186  1.8857  1.8611  1.9177  1.9364  1.8592   1.581
  weight sum            204     398     544     492     148     152      62
  precision          0.0035  0.0035  0.0035  0.0035  0.0035  0.0035  0.0035

w2v-own(81)
  mean               0.1478  0.4342  0.4701  0.4189  0.3996  0.2535 -0.1288
  std. dev.          1.0227  0.9137  0.8538  0.8245  0.8594  0.8126  0.8961
  weight sum            204     398     544     492     148     152      62
  precision          0.0029  0.0029  0.0029  0.0029  0.0029  0.0029  0.0029

w2v-own(82)
  mean               -0.481 -0.3387  -0.227 -0.0333 -0.3174 -0.3205 -0.4816
  std. dev.          0.7368  0.8127  0.7527   0.631  0.7112  0.6162   0.673
  weight sum            204     398     544     492     148     152      62
  precision          0.0024  0.0024  0.0024  0.0024  0.0024  0.0024  0.0024

w2v-own(83)
  mean              -0.1387 -0.3261 -0.3668 -0.3727 -0.3231 -0.1866   0.088
  std. dev.          0.9218  0.8617  0.7943  0.7545  0.8255   0.767  0.7967
  weight sum            204     398     544     492     148     152      62
  precision          0.0026  0.0026  0.0026  0.0026  0.0026  0.0026  0.0026

w2v-own(84)
  mean              -0.1663  0.0283  0.1243  0.1796   0.027 -0.0956  -0.358
  std. dev.           0.551  0.6594  0.6267  0.6142  0.6171  0.6215  0.6282
  weight sum            204     398     544     492     148     152      62
  precision          0.0015  0.0015  0.0015  0.0015  0.0015  0.0015  0.0015

w2v-own(85)
  mean               0.1717  0.0064 -0.0997 -0.2909 -0.0009 -0.0192  0.0831
  std. dev.          0.8361  0.9255  0.8731  0.7466  0.7769  0.6865  0.7765
  weight sum            204     398     544     492     148     152      62
  precision          0.0028  0.0028  0.0028  0.0028  0.0028  0.0028  0.0028

w2v-own(86)
  mean              -0.0796 -0.4413 -0.5214 -0.6982 -0.4556 -0.3371 -0.0572
  std. dev.          0.7309  0.8098  0.8596   0.883  0.8786  0.8144  0.6679
  weight sum            204     398     544     492     148     152      62
  precision          0.0021  0.0021  0.0021  0.0021  0.0021  0.0021  0.0021

w2v-own(87)
  mean              -0.3493 -0.4103 -0.3212 -0.2632 -0.3692 -0.3696 -0.4453
  std. dev.          0.4795  0.4641  0.4691  0.4459  0.4508  0.4014  0.3653
  weight sum            204     398     544     492     148     152      62
  precision           0.002   0.002   0.002   0.002   0.002   0.002   0.002

w2v-own(88)
  mean               0.1614  0.5362  0.6204  0.7884   0.541  0.3559  0.0105
  std. dev.          1.1222  1.1798  1.1976  1.1553   1.236   1.131  1.0415
  weight sum            204     398     544     492     148     152      62
  precision           0.003   0.003   0.003   0.003   0.003   0.003   0.003

w2v-own(89)
  mean              -0.0014 -0.0175  0.0763  0.1174 -0.0058  -0.019 -0.0967
  std. dev.          0.4544  0.4699  0.4839  0.4453  0.4357  0.3735  0.3684
  weight sum            204     398     544     492     148     152      62
  precision           0.002   0.002   0.002   0.002   0.002   0.002   0.002

w2v-own(90)
  mean              -0.9007 -1.2392 -1.4101 -1.5724 -1.2653 -1.0969 -0.7563
  std. dev.          0.6344  0.7639  0.7988  0.8803  0.7919  0.7329  0.5849
  weight sum            204     398     544     492     148     152      62
  precision           0.002   0.002   0.002   0.002   0.002   0.002   0.002

w2v-own(91)
  mean               -0.089  -0.077 -0.0895 -0.0008 -0.0729 -0.0523   0.063
  std. dev.          0.3532  0.3795  0.3683  0.3746  0.3513  0.3366  0.3773
  weight sum            204     398     544     492     148     152      62
  precision          0.0014  0.0014  0.0014  0.0014  0.0014  0.0014  0.0014

w2v-own(92)
  mean              -1.4516 -1.2665 -1.1175 -0.8979 -1.2682 -1.3503  -1.556
  std. dev.          0.6812  0.8205  0.7808  0.7236  0.7488  0.7328    0.62
  weight sum            204     398     544     492     148     152      62
  precision          0.0021  0.0021  0.0021  0.0021  0.0021  0.0021  0.0021

w2v-own(93)
  mean               2.4664  2.7993  2.9907  3.2433  2.8656  2.7537  2.5715
  std. dev.           0.753  0.9528  0.9575  0.9272  0.9264  0.8032  0.7858
  weight sum            204     398     544     492     148     152      62
  precision          0.0027  0.0027  0.0027  0.0027  0.0027  0.0027  0.0027

w2v-own(94)
  mean               0.3789  -0.003 -0.1343 -0.3437  0.0258  0.1353  0.4769
  std. dev.          0.7436  0.9225  0.9262  0.9266  0.9288  0.8758   0.747
  weight sum            204     398     544     492     148     152      62
  precision          0.0018  0.0018  0.0018  0.0018  0.0018  0.0018  0.0018

w2v-own(95)
  mean              -0.3416 -0.3324 -0.3585 -0.2997 -0.3395 -0.3654 -0.2448
  std. dev.          0.3857   0.392  0.3944  0.3678  0.3586   0.389  0.4038
  weight sum            204     398     544     492     148     152      62
  precision          0.0018  0.0018  0.0018  0.0018  0.0018  0.0018  0.0018

w2v-own(96)
  mean               0.3588 -0.4467 -0.7572  -1.207 -0.4605 -0.1693  0.7357
  std. dev.          1.6488  1.9722  2.0159  2.0427  2.0656  1.9358  1.6125
  weight sum            204     398     544     492     148     152      62
  precision          0.0036  0.0036  0.0036  0.0036  0.0036  0.0036  0.0036

w2v-own(97)
  mean               1.3088  1.2361  1.1452  0.9167  1.2318  1.1883  1.2285
  std. dev.          0.7431  0.8363  0.7841  0.6684  0.7233  0.6749  0.6489
  weight sum            204     398     544     492     148     152      62
  precision          0.0025  0.0025  0.0025  0.0025  0.0025  0.0025  0.0025

w2v-own(98)
  mean               0.4356  0.6534  0.8013  0.9197  0.6675  0.5368  0.2365
  std. dev.           0.578  0.7375  0.7147  0.7272  0.7089  0.6895   0.651
  weight sum            204     398     544     492     148     152      62
  precision          0.0016  0.0016  0.0016  0.0016  0.0016  0.0016  0.0016

w2v-own(99)
  mean               1.0753  1.0812  1.0637  1.0447  1.0823  1.0589  1.2617
  std. dev.          0.3691  0.3727  0.3594    0.35  0.3182  0.3504  0.3438
  weight sum            204     398     544     492     148     152      62
  precision          0.0019  0.0019  0.0019  0.0019  0.0019  0.0019  0.0019

w2v-own(100)
  mean              -1.0172  -1.029 -0.9219 -0.7784 -1.0241 -0.9787 -1.0661
  std. dev.          0.8061  0.8323  0.7531  0.6419  0.7111  0.6372  0.7035
  weight sum            204     398     544     492     148     152      62
  precision          0.0026  0.0026  0.0026  0.0026  0.0026  0.0026  0.0026



Time taken to build model: 0.28 seconds

=== Stratified cross-validation ===
=== Summary ===

Correctly Classified Instances         404               20.2    %
Incorrectly Classified Instances      1596               79.8    %
Kappa statistic                          0.0663
Mean absolute error                      0.2281
Root mean squared error                  0.4692
Relative absolute error                 99.3509 %
Root relative squared error            138.4964 %
Total Number of Instances             2000     

=== Detailed Accuracy By Class ===

                 TP Rate  FP Rate  Precision  Recall   F-Measure  MCC      ROC Area  PRC Area  Class
                 0,201    0,171    0,117      0,201    0,148      0,024    0,627     0,134     1
                 0,038    0,030    0,238      0,038    0,065      0,018    0,511     0,212     2
                 0,044    0,020    0,453      0,044    0,080      0,067    0,543     0,312     3
                 0,573    0,367    0,338      0,573    0,425      0,180    0,620     0,334     4
                 0,000    0,001    0,000      0,000    0,000      -0,009   0,488     0,077     5
                 0,007    0,010    0,050      0,007    0,012      -0,010   0,548     0,085     6
                 0,661    0,329    0,060      0,661    0,111      0,122    0,680     0,058     7
Weighted Avg.    0,202    0,130    0,271      0,202    0,159      0,071    0,565     0,237     

=== Confusion Matrix ===

   a   b   c   d   e   f   g   <-- classified as
  41  13   3  40   1   0 106 |   a = 1
  84  15   9 149   1   6 134 |   b = 2
 103  16  24 244   0   4 153 |   c = 3
  57   9  13 282   0   4 127 |   d = 4
  25   5   4  56   0   5  53 |   e = 5
  30   3   0  54   0   1  64 |   f = 6
   9   2   0  10   0   0  41 |   g = 7

