=== Run information ===

Scheme:       weka.classifiers.bayes.NaiveBayes 
Relation:     comment-move-2
Instances:    2000
Attributes:   102
              [list of attributes omitted]
Test mode:    10-fold cross-validation

=== Classifier model (full training set) ===

Naive Bayes Classifier

                     Class
Attribute                1       2       3       4       5       6
                    (0.01)  (0.44)   (0.2)  (0.15)  (0.17)  (0.02)
===================================================================
number_of_tokens
  mean                19.05 14.4616 16.3439 15.4704 13.5585 12.3421
  std. dev.         12.0228  9.3253 10.6469  9.7882  9.4631 10.2631
  weight sum             20     886     410     304     342      38
  precision               1       1       1       1       1       1

w2v-own(1)
  mean              -0.6681 -0.7019 -0.6422 -0.6599 -0.6258 -0.6261
  std. dev.          0.3357  0.3161  0.3182  0.2707  0.2628  0.2497
  weight sum             20     886     410     304     342      38
  precision          0.0012  0.0012  0.0012  0.0012  0.0012  0.0012

w2v-own(2)
  mean               0.9455  0.9971   1.073  1.0739  1.0928  1.0781
  std. dev.          0.4168  0.3879  0.3665  0.4115  0.3611  0.5435
  weight sum             20     886     410     304     342      38
  precision          0.0028  0.0028  0.0028  0.0028  0.0028  0.0028

w2v-own(3)
  mean                -0.07 -0.1103 -0.0679 -0.1727 -0.1597 -0.2082
  std. dev.          0.2897  0.4143  0.4108  0.2571   0.257  0.2196
  weight sum             20     886     410     304     342      38
  precision          0.0017  0.0017  0.0017  0.0017  0.0017  0.0017

w2v-own(4)
  mean               0.9742  0.9584  0.8503  0.8321   0.756  0.7896
  std. dev.          0.7094  0.5486  0.4885   0.527  0.4826  0.6522
  weight sum             20     886     410     304     342      38
  precision          0.0027  0.0027  0.0027  0.0027  0.0027  0.0027

w2v-own(5)
  mean              -0.1741 -0.0438  -0.067 -0.0842 -0.0964 -0.0499
  std. dev.          0.2799  0.2566  0.2701   0.249  0.2441  0.2616
  weight sum             20     886     410     304     342      38
  precision          0.0013  0.0013  0.0013  0.0013  0.0013  0.0013

w2v-own(6)
  mean               -1.349 -1.1491 -1.1822 -1.3478 -1.3363 -1.3224
  std. dev.          0.3499  0.5441  0.5608   0.408  0.4432  0.4133
  weight sum             20     886     410     304     342      38
  precision          0.0023  0.0023  0.0023  0.0023  0.0023  0.0023

w2v-own(7)
  mean               0.1773  0.1095  0.0852  0.1423  0.1468  0.1668
  std. dev.          0.1398    0.26  0.2726  0.2193  0.2005  0.1587
  weight sum             20     886     410     304     342      38
  precision          0.0013  0.0013  0.0013  0.0013  0.0013  0.0013

w2v-own(8)
  mean               1.6754  1.6497  1.6382  1.7654   1.738  1.8021
  std. dev.          0.2911  0.4494  0.4494   0.329  0.3635  0.3185
  weight sum             20     886     410     304     342      38
  precision          0.0018  0.0018  0.0018  0.0018  0.0018  0.0018

w2v-own(9)
  mean                0.695   0.767   0.704  0.7412  0.6861  0.6968
  std. dev.          0.3554  0.3877  0.3987  0.3187  0.3234  0.2867
  weight sum             20     886     410     304     342      38
  precision          0.0017  0.0017  0.0017  0.0017  0.0017  0.0017

w2v-own(10)
  mean              -0.5214 -0.4722  -0.458 -0.4605 -0.4648  -0.458
  std. dev.          0.1272   0.151  0.1431  0.1653  0.1434  0.2146
  weight sum             20     886     410     304     342      38
  precision          0.0011  0.0011  0.0011  0.0011  0.0011  0.0011

w2v-own(11)
  mean              -2.1439 -2.0846 -2.0411 -2.1326 -2.0732 -2.1035
  std. dev.          0.3875  0.4572  0.4579  0.4237  0.4381  0.4823
  weight sum             20     886     410     304     342      38
  precision          0.0021  0.0021  0.0021  0.0021  0.0021  0.0021

w2v-own(12)
  mean              -0.5827 -0.4931 -0.5958 -0.7842 -0.8497 -0.8982
  std. dev.          0.8669  0.7877  0.7293  0.6092  0.5631  0.6247
  weight sum             20     886     410     304     342      38
  precision          0.0028  0.0028  0.0028  0.0028  0.0028  0.0028

w2v-own(13)
  mean              -1.0718  -0.969 -0.9532 -1.0208 -1.0088 -1.0261
  std. dev.          0.2069  0.2686   0.269  0.3118  0.2782  0.3677
  weight sum             20     886     410     304     342      38
  precision          0.0019  0.0019  0.0019  0.0019  0.0019  0.0019

w2v-own(14)
  mean               0.2215  0.2079  0.2274  0.1685   0.172  0.1442
  std. dev.          0.2157  0.2467  0.2422  0.2898  0.2391  0.3331
  weight sum             20     886     410     304     342      38
  precision           0.002   0.002   0.002   0.002   0.002   0.002

w2v-own(15)
  mean               1.4476  1.2786  1.2776   1.365  1.3499  1.3145
  std. dev.          0.3632  0.4394  0.4604  0.3568  0.3709  0.3931
  weight sum             20     886     410     304     342      38
  precision          0.0019  0.0019  0.0019  0.0019  0.0019  0.0019

w2v-own(16)
  mean                0.865  0.6761  0.6977   0.799  0.7814  0.7585
  std. dev.          0.2524  0.3942  0.4158  0.3192  0.3432  0.3284
  weight sum             20     886     410     304     342      38
  precision          0.0015  0.0015  0.0015  0.0015  0.0015  0.0015

w2v-own(17)
  mean               0.2394  0.3344  0.2667  0.1652  0.1341  0.1623
  std. dev.           0.544  0.4975  0.4668  0.4648  0.4224  0.5777
  weight sum             20     886     410     304     342      38
  precision          0.0024  0.0024  0.0024  0.0024  0.0024  0.0024

w2v-own(18)
  mean               0.0096  0.0308   0.046  0.1322  0.1241  0.1233
  std. dev.          0.3122  0.3217  0.3019  0.2308  0.1918  0.1514
  weight sum             20     886     410     304     342      38
  precision          0.0012  0.0012  0.0012  0.0012  0.0012  0.0012

w2v-own(19)
  mean               -0.092 -0.1889 -0.1735 -0.1637  -0.141 -0.1372
  std. dev.          0.2106   0.258  0.2689  0.2493  0.2402  0.2429
  weight sum             20     886     410     304     342      38
  precision          0.0014  0.0014  0.0014  0.0014  0.0014  0.0014

w2v-own(20)
  mean               0.0264  0.0226  0.0792  0.0791  0.1078  0.1114
  std. dev.          0.3272  0.2521  0.2216  0.2461  0.2057  0.3363
  weight sum             20     886     410     304     342      38
  precision          0.0015  0.0015  0.0015  0.0015  0.0015  0.0015

w2v-own(21)
  mean               2.7019  2.6181  2.5728  2.7547  2.7239  2.8064
  std. dev.          0.3956  0.6782  0.6713  0.5427  0.5642  0.5232
  weight sum             20     886     410     304     342      38
  precision          0.0031  0.0031  0.0031  0.0031  0.0031  0.0031

w2v-own(22)
  mean               0.2243  0.0959  0.0999 -0.0078  -0.024 -0.0491
  std. dev.          0.5659   0.654  0.6232  0.5239  0.4737  0.7032
  weight sum             20     886     410     304     342      38
  precision          0.0028  0.0028  0.0028  0.0028  0.0028  0.0028

w2v-own(23)
  mean               0.4002  0.4464  0.4925  0.5362  0.5467   0.543
  std. dev.          0.4214  0.3846  0.3517  0.3342  0.2848  0.3552
  weight sum             20     886     410     304     342      38
  precision          0.0021  0.0021  0.0021  0.0021  0.0021  0.0021

w2v-own(24)
  mean              -1.0296 -0.9609  -0.962  -0.988 -0.9939 -1.0325
  std. dev.          0.1845  0.2421  0.2583  0.2232  0.2272  0.2225
  weight sum             20     886     410     304     342      38
  precision          0.0012  0.0012  0.0012  0.0012  0.0012  0.0012

w2v-own(25)
  mean                0.343  0.3742  0.3623  0.3782  0.3763  0.3963
  std. dev.          0.1791  0.2004  0.2041  0.2223  0.1949  0.3032
  weight sum             20     886     410     304     342      38
  precision          0.0013  0.0013  0.0013  0.0013  0.0013  0.0013

w2v-own(26)
  mean                0.452  0.2773  0.2603  0.3112  0.2739  0.2492
  std. dev.          0.3465  0.4044  0.3914  0.3171  0.3127  0.3075
  weight sum             20     886     410     304     342      38
  precision          0.0017  0.0017  0.0017  0.0017  0.0017  0.0017

w2v-own(27)
  mean               0.3959  0.4516  0.5259  0.5555  0.5811  0.5828
  std. dev.           0.537  0.4399  0.3938  0.3976  0.3319  0.5193
  weight sum             20     886     410     304     342      38
  precision          0.0024  0.0024  0.0024  0.0024  0.0024  0.0024

w2v-own(28)
  mean              -0.0829 -0.0749 -0.0871 -0.0659 -0.0377 -0.0188
  std. dev.          0.2623  0.2841  0.2751   0.288   0.247  0.3833
  weight sum             20     886     410     304     342      38
  precision          0.0015  0.0015  0.0015  0.0015  0.0015  0.0015

w2v-own(29)
  mean               0.0699    0.09  0.0567  0.2276  0.2276  0.3178
  std. dev.          0.4975  0.6377  0.6304  0.5018  0.4209  0.3268
  weight sum             20     886     410     304     342      38
  precision          0.0034  0.0034  0.0034  0.0034  0.0034  0.0034

w2v-own(30)
  mean               0.5961  0.4705  0.5145  0.6893  0.7116   0.746
  std. dev.          0.5127  0.5058  0.4937  0.4947   0.413  0.4043
  weight sum             20     886     410     304     342      38
  precision          0.0032  0.0032  0.0032  0.0032  0.0032  0.0032

w2v-own(31)
  mean               0.1649  0.1297  0.1264  0.0345  0.0399  0.0149
  std. dev.          0.3585  0.3376  0.3193  0.2048  0.1782  0.1379
  weight sum             20     886     410     304     342      38
  precision          0.0011  0.0011  0.0011  0.0011  0.0011  0.0011

w2v-own(32)
  mean              -0.1234 -0.2345 -0.2081 -0.1123 -0.0759 -0.0581
  std. dev.          0.2632  0.3373  0.3491   0.301  0.2947  0.2203
  weight sum             20     886     410     304     342      38
  precision          0.0015  0.0015  0.0015  0.0015  0.0015  0.0015

w2v-own(33)
  mean               0.0783 -0.0907 -0.0048 -0.2321  -0.205 -0.3148
  std. dev.          0.6879  0.9762  0.9579  0.5687  0.5796  0.5314
  weight sum             20     886     410     304     342      38
  precision          0.0039  0.0039  0.0039  0.0039  0.0039  0.0039

w2v-own(34)
  mean              -0.3498 -0.2437 -0.2893 -0.2173 -0.2419 -0.2265
  std. dev.          0.2866  0.4118  0.4238  0.2757  0.2799  0.3236
  weight sum             20     886     410     304     342      38
  precision          0.0018  0.0018  0.0018  0.0018  0.0018  0.0018

w2v-own(35)
  mean               -2.107 -1.7967  -1.797 -1.9264 -1.8916 -1.8061
  std. dev.          0.5748  0.7309  0.7517  0.5727  0.5859  0.5784
  weight sum             20     886     410     304     342      38
  precision           0.003   0.003   0.003   0.003   0.003   0.003

w2v-own(36)
  mean                0.164  0.0329 -0.0014  0.1413  0.1299  0.1375
  std. dev.          0.2963  0.6438   0.671  0.4678  0.4474  0.2394
  weight sum             20     886     410     304     342      38
  precision          0.0025  0.0025  0.0025  0.0025  0.0025  0.0025

w2v-own(37)
  mean               0.2872  0.2725  0.1737  0.1281  0.0527 -0.0078
  std. dev.          0.7362  0.5595  0.4957  0.4637  0.3984  0.4398
  weight sum             20     886     410     304     342      38
  precision           0.002   0.002   0.002   0.002   0.002   0.002

w2v-own(38)
  mean               0.3368  0.2518  0.3704  0.3442  0.4115    0.39
  std. dev.          0.5767  0.4716  0.4652  0.3717  0.3464  0.4065
  weight sum             20     886     410     304     342      38
  precision          0.0019  0.0019  0.0019  0.0019  0.0019  0.0019

w2v-own(39)
  mean              -1.9343  -1.851 -1.9803 -1.8025 -1.8268 -1.7761
  std. dev.          0.4485  0.7716  0.7744  0.4617  0.4462  0.3506
  weight sum             20     886     410     304     342      38
  precision          0.0035  0.0035  0.0035  0.0035  0.0035  0.0035

w2v-own(40)
  mean               0.8919  0.7557  0.7822  0.9182  0.9308  0.9567
  std. dev.          0.2874  0.3944  0.3969  0.3334  0.3262  0.2492
  weight sum             20     886     410     304     342      38
  precision          0.0017  0.0017  0.0017  0.0017  0.0017  0.0017

w2v-own(41)
  mean               0.1853  0.2523  0.1996  0.2716  0.2617  0.2972
  std. dev.          0.3019  0.3556  0.3612  0.2245  0.2332  0.1916
  weight sum             20     886     410     304     342      38
  precision          0.0014  0.0014  0.0014  0.0014  0.0014  0.0014

w2v-own(42)
  mean                0.396  0.5421   0.499  0.4795  0.4514  0.5222
  std. dev.          0.3549  0.3492  0.3611  0.3555  0.3576    0.41
  weight sum             20     886     410     304     342      38
  precision          0.0019  0.0019  0.0019  0.0019  0.0019  0.0019

w2v-own(43)
  mean               0.2601  0.2133  0.2093  0.0106 -0.0124 -0.0731
  std. dev.          0.7769   0.826  0.7717  0.5085  0.4491  0.4186
  weight sum             20     886     410     304     342      38
  precision          0.0028  0.0028  0.0028  0.0028  0.0028  0.0028

w2v-own(44)
  mean              -0.5105 -0.5371 -0.6012 -0.6326 -0.6614 -0.6866
  std. dev.           0.442  0.3449  0.2987   0.261  0.2184  0.3074
  weight sum             20     886     410     304     342      38
  precision          0.0015  0.0015  0.0015  0.0015  0.0015  0.0015

w2v-own(45)
  mean              -0.5616 -0.4554 -0.3916 -0.2614 -0.2332 -0.2106
  std. dev.          0.8664  0.7499  0.6711   0.539  0.4407  0.6282
  weight sum             20     886     410     304     342      38
  precision          0.0026  0.0026  0.0026  0.0026  0.0026  0.0026

w2v-own(46)
  mean              -0.1881 -0.4007 -0.2904 -0.2656 -0.2034 -0.2577
  std. dev.          0.5894  0.4859  0.5173  0.4497  0.4563  0.4279
  weight sum             20     886     410     304     342      38
  precision          0.0023  0.0023  0.0023  0.0023  0.0023  0.0023

w2v-own(47)
  mean                -1.36 -1.1216 -1.2044 -1.3096 -1.3335 -1.2811
  std. dev.          0.5548  0.5466  0.5624  0.5758  0.5756  0.7683
  weight sum             20     886     410     304     342      38
  precision          0.0031  0.0031  0.0031  0.0031  0.0031  0.0031

w2v-own(48)
  mean              -0.0039 -0.0767 -0.1172  -0.114 -0.1579 -0.2147
  std. dev.          0.4057  0.3347   0.309  0.2469  0.2006  0.2318
  weight sum             20     886     410     304     342      38
  precision          0.0014  0.0014  0.0014  0.0014  0.0014  0.0014

w2v-own(49)
  mean              -0.3377 -0.2897 -0.3015 -0.2736 -0.2726 -0.2626
  std. dev.          0.2666  0.3199  0.3145  0.2959  0.2581   0.383
  weight sum             20     886     410     304     342      38
  precision          0.0016  0.0016  0.0016  0.0016  0.0016  0.0016

w2v-own(50)
  mean              -0.6782 -0.6935 -0.7419 -0.7148 -0.7536 -0.7585
  std. dev.          0.3096  0.2557  0.2376  0.3012  0.2557  0.4436
  weight sum             20     886     410     304     342      38
  precision           0.002   0.002   0.002   0.002   0.002   0.002

w2v-own(51)
  mean              -1.4185 -1.3173 -1.3966 -1.4694 -1.4956 -1.4859
  std. dev.          0.4196  0.3513  0.3288  0.3264  0.3265  0.4336
  weight sum             20     886     410     304     342      38
  precision          0.0016  0.0016  0.0016  0.0016  0.0016  0.0016

w2v-own(52)
  mean               0.2278  0.4019  0.4752  0.3997  0.4635  0.5702
  std. dev.          0.6247  0.6794  0.6572  0.4792  0.4159  0.4072
  weight sum             20     886     410     304     342      38
  precision           0.003   0.003   0.003   0.003   0.003   0.003

w2v-own(53)
  mean               0.1895  0.1701  0.0728  0.0766  0.0279    0.01
  std. dev.          0.6078  0.5067  0.4799  0.3439  0.2658  0.2247
  weight sum             20     886     410     304     342      38
  precision          0.0024  0.0024  0.0024  0.0024  0.0024  0.0024

w2v-own(54)
  mean              -0.2112 -0.0194 -0.0241 -0.1515 -0.1661 -0.1124
  std. dev.          0.5206  0.7306  0.7388  0.6547  0.6105  0.7289
  weight sum             20     886     410     304     342      38
  precision           0.003   0.003   0.003   0.003   0.003   0.003

w2v-own(55)
  mean              -0.0693 -0.1209 -0.1663  -0.043 -0.0519 -0.0188
  std. dev.          0.2114  0.4702  0.4592  0.3169  0.2937  0.2172
  weight sum             20     886     410     304     342      38
  precision          0.0024  0.0024  0.0024  0.0024  0.0024  0.0024

w2v-own(56)
  mean               0.1576  0.2766  0.2702  0.1873  0.1575  0.1299
  std. dev.          0.2474   0.359  0.3836  0.3542  0.3354  0.2543
  weight sum             20     886     410     304     342      38
  precision          0.0021  0.0021  0.0021  0.0021  0.0021  0.0021

w2v-own(57)
  mean              -0.1308 -0.1511 -0.0879 -0.0425  -0.006  0.0307
  std. dev.          0.4327  0.3072  0.2707  0.2449  0.1905  0.1703
  weight sum             20     886     410     304     342      38
  precision          0.0013  0.0013  0.0013  0.0013  0.0013  0.0013

w2v-own(58)
  mean               1.5993  1.5604  1.5407  1.4953  1.4521  1.4427
  std. dev.          0.4414  0.4128   0.377   0.389  0.3538  0.4518
  weight sum             20     886     410     304     342      38
  precision          0.0017  0.0017  0.0017  0.0017  0.0017  0.0017

w2v-own(59)
  mean                0.053  0.0028  0.0454 -0.0272  0.0037  0.0226
  std. dev.          0.3255  0.5053  0.5145  0.4163  0.3726  0.4653
  weight sum             20     886     410     304     342      38
  precision          0.0024  0.0024  0.0024  0.0024  0.0024  0.0024

w2v-own(60)
  mean                0.554  0.5417  0.5353   0.481  0.4637  0.4642
  std. dev.          0.2763  0.3498  0.3365  0.3347  0.3014  0.4359
  weight sum             20     886     410     304     342      38
  precision          0.0018  0.0018  0.0018  0.0018  0.0018  0.0018

w2v-own(61)
  mean               0.3792  0.3012  0.2713  0.2257  0.2122  0.2038
  std. dev.          0.4707  0.4085  0.3739  0.3089  0.2433  0.1818
  weight sum             20     886     410     304     342      38
  precision          0.0024  0.0024  0.0024  0.0024  0.0024  0.0024

w2v-own(62)
  mean              -0.1183 -0.1678 -0.0528  -0.004  0.0842  0.1053
  std. dev.          0.7555  0.5561  0.4934   0.502  0.4419  0.6221
  weight sum             20     886     410     304     342      38
  precision          0.0023  0.0023  0.0023  0.0023  0.0023  0.0023

w2v-own(63)
  mean               1.9213  1.8616  1.9803   1.957  2.0116  2.0439
  std. dev.          0.5348  0.4739  0.4494  0.3924  0.3891  0.5167
  weight sum             20     886     410     304     342      38
  precision           0.002   0.002   0.002   0.002   0.002   0.002

w2v-own(64)
  mean               0.0836 -0.0661 -0.0581 -0.0025 -0.0262 -0.1537
  std. dev.          0.4864  0.5541  0.5603  0.5827  0.4935  0.6776
  weight sum             20     886     410     304     342      38
  precision          0.0032  0.0032  0.0032  0.0032  0.0032  0.0032

w2v-own(65)
  mean               0.6072  0.5074  0.5697  0.7035  0.7507  0.8097
  std. dev.          0.5809  0.4969  0.4714   0.448   0.367  0.2717
  weight sum             20     886     410     304     342      38
  precision          0.0025  0.0025  0.0025  0.0025  0.0025  0.0025

w2v-own(66)
  mean              -0.6865 -0.6286 -0.6438 -0.6622 -0.6497 -0.6255
  std. dev.          0.1427  0.1482  0.1466  0.1368  0.1355  0.1469
  weight sum             20     886     410     304     342      38
  precision          0.0007  0.0007  0.0007  0.0007  0.0007  0.0007

w2v-own(67)
  mean              -1.4095 -1.5066 -1.4439 -1.5402  -1.487  -1.558
  std. dev.          0.5026  0.5898   0.596  0.4791  0.4925  0.4723
  weight sum             20     886     410     304     342      38
  precision          0.0023  0.0023  0.0023  0.0023  0.0023  0.0023

w2v-own(68)
  mean               1.1419  1.0336  1.1092   1.108   1.146  1.1168
  std. dev.          0.3668  0.2928  0.2881   0.352  0.3418  0.5165
  weight sum             20     886     410     304     342      38
  precision          0.0023  0.0023  0.0023  0.0023  0.0023  0.0023

w2v-own(69)
  mean               -0.385 -0.2566 -0.2921 -0.3201 -0.3222 -0.2532
  std. dev.          0.2681  0.2308  0.2379  0.2348  0.2315  0.2946
  weight sum             20     886     410     304     342      38
  precision           0.001   0.001   0.001   0.001   0.001   0.001

w2v-own(70)
  mean               1.1028  0.9964  1.0676  1.0797  1.0813  1.0271
  std. dev.          0.3506  0.3021   0.309  0.3784  0.3413   0.522
  weight sum             20     886     410     304     342      38
  precision          0.0023  0.0023  0.0023  0.0023  0.0023  0.0023

w2v-own(71)
  mean              -0.0426 -0.0163 -0.0582  0.0564  0.0515  0.0871
  std. dev.          0.2851  0.4918  0.4918  0.3055  0.3016  0.2621
  weight sum             20     886     410     304     342      38
  precision           0.002   0.002   0.002   0.002   0.002   0.002

w2v-own(72)
  mean               0.0663  0.0842  0.0864  0.1563  0.1716  0.2356
  std. dev.          0.2773  0.2558  0.2372  0.2671  0.2035  0.2267
  weight sum             20     886     410     304     342      38
  precision          0.0017  0.0017  0.0017  0.0017  0.0017  0.0017

w2v-own(73)
  mean               0.9173  0.7592  0.7392  0.7979  0.7751  0.7654
  std. dev.          0.2929  0.3486  0.3529   0.341   0.317  0.3684
  weight sum             20     886     410     304     342      38
  precision          0.0022  0.0022  0.0022  0.0022  0.0022  0.0022

w2v-own(74)
  mean              -1.2182  -1.406 -1.3588  -1.497 -1.4472 -1.5393
  std. dev.          0.6486  0.7556  0.7386  0.5428  0.5601  0.5179
  weight sum             20     886     410     304     342      38
  precision           0.003   0.003   0.003   0.003   0.003   0.003

w2v-own(75)
  mean               0.4148  0.3721  0.3945  0.4936  0.5096  0.5103
  std. dev.          0.3169  0.4279  0.4123  0.3373  0.3265  0.4223
  weight sum             20     886     410     304     342      38
  precision          0.0017  0.0017  0.0017  0.0017  0.0017  0.0017

w2v-own(76)
  mean              -0.6677 -0.6774 -0.7964 -0.9348 -1.0284 -1.1462
  std. dev.          1.0174  0.7861  0.6899  0.5914  0.4905  0.5426
  weight sum             20     886     410     304     342      38
  precision           0.003   0.003   0.003   0.003   0.003   0.003

w2v-own(77)
  mean               1.0753  1.0678  1.0562  1.0662   1.056   1.082
  std. dev.           0.202  0.1822  0.1968   0.192  0.1868  0.2374
  weight sum             20     886     410     304     342      38
  precision          0.0011  0.0011  0.0011  0.0011  0.0011  0.0011

w2v-own(78)
  mean               0.5176  0.6113  0.5524  0.4936  0.4442  0.4834
  std. dev.          0.4626  0.3521  0.3448  0.3371  0.3204    0.36
  weight sum             20     886     410     304     342      38
  precision          0.0013  0.0013  0.0013  0.0013  0.0013  0.0013

w2v-own(79)
  mean              -0.2742 -0.2612 -0.2871 -0.2299 -0.2525 -0.2892
  std. dev.          0.2908  0.3936  0.4025  0.3477  0.2993  0.3998
  weight sum             20     886     410     304     342      38
  precision          0.0018  0.0018  0.0018  0.0018  0.0018  0.0018

w2v-own(80)
  mean               1.3387  1.2073  1.2419  1.4452  1.4732  1.5392
  std. dev.          0.5056  0.6201  0.5994  0.5151  0.4782  0.3572
  weight sum             20     886     410     304     342      38
  precision          0.0028  0.0028  0.0028  0.0028  0.0028  0.0028

w2v-own(81)
  mean              -0.5275 -0.5204 -0.6357 -0.8571 -0.9473 -1.0714
  std. dev.          1.1477  0.9126   0.798  0.6729  0.5695    0.52
  weight sum             20     886     410     304     342      38
  precision          0.0034  0.0034  0.0034  0.0034  0.0034  0.0034

w2v-own(82)
  mean              -0.6661 -0.4391 -0.4194 -0.4089 -0.3674 -0.2486
  std. dev.          0.6525  0.5389  0.4979  0.3965  0.3385  0.3964
  weight sum             20     886     410     304     342      38
  precision          0.0025  0.0025  0.0025  0.0025  0.0025  0.0025

w2v-own(83)
  mean               0.1404  0.0936  0.1654   0.294  0.3543  0.3874
  std. dev.          0.7273  0.6305  0.5696  0.5012  0.4573  0.6323
  weight sum             20     886     410     304     342      38
  precision          0.0023  0.0023  0.0023  0.0023  0.0023  0.0023

w2v-own(84)
  mean               0.0209  0.0709  0.0579 -0.0012  0.0013  0.0353
  std. dev.          0.1651  0.2139  0.2118  0.1781  0.1648  0.1724
  weight sum             20     886     410     304     342      38
  precision          0.0008  0.0008  0.0008  0.0008  0.0008  0.0008

w2v-own(85)
  mean               0.2044  0.0536  0.0168  0.0131 -0.0179 -0.1277
  std. dev.          0.5523  0.4625  0.4299   0.375  0.2883  0.3258
  weight sum             20     886     410     304     342      38
  precision          0.0024  0.0024  0.0024  0.0024  0.0024  0.0024

w2v-own(86)
  mean              -0.1093 -0.0377 -0.0705  0.0069 -0.0068  0.0468
  std. dev.          0.2619  0.3276  0.3169  0.2609  0.2433  0.2436
  weight sum             20     886     410     304     342      38
  precision          0.0016  0.0016  0.0016  0.0016  0.0016  0.0016

w2v-own(87)
  mean              -0.2118  0.0308 -0.0501 -0.0581 -0.0792  -0.005
  std. dev.          0.4936  0.4419  0.4557  0.4193  0.4248  0.5004
  weight sum             20     886     410     304     342      38
  precision          0.0019  0.0019  0.0019  0.0019  0.0019  0.0019

w2v-own(88)
  mean               0.3993  0.3012  0.2905  0.1654  0.1793  0.1576
  std. dev.          0.5996  0.6187  0.5864  0.4042  0.3607   0.352
  weight sum             20     886     410     304     342      38
  precision          0.0024  0.0024  0.0024  0.0024  0.0024  0.0024

w2v-own(89)
  mean              -0.2443 -0.0219 -0.0422 -0.0131  0.0017  0.0481
  std. dev.          0.5428  0.5215  0.5049   0.436  0.4067  0.5485
  weight sum             20     886     410     304     342      38
  precision          0.0025  0.0025  0.0025  0.0025  0.0025  0.0025

w2v-own(90)
  mean               0.2603  0.1689  0.2263  0.3475  0.3865   0.406
  std. dev.          0.4915  0.5323  0.5311  0.4469  0.4197    0.39
  weight sum             20     886     410     304     342      38
  precision          0.0022  0.0022  0.0022  0.0022  0.0022  0.0022

w2v-own(91)
  mean              -0.5141 -0.6022 -0.5204 -0.5393 -0.5097 -0.5795
  std. dev.          0.3784  0.2929  0.2973  0.2774  0.2706  0.3374
  weight sum             20     886     410     304     342      38
  precision          0.0016  0.0016  0.0016  0.0016  0.0016  0.0016

w2v-own(92)
  mean              -2.0477 -1.9276 -1.8884 -1.9672 -1.9368 -1.9766
  std. dev.          0.3168  0.4331  0.4212  0.4356  0.4216  0.4758
  weight sum             20     886     410     304     342      38
  precision          0.0023  0.0023  0.0023  0.0023  0.0023  0.0023

w2v-own(93)
  mean                 2.17  2.1915  2.2569  2.2279  2.2449  2.2974
  std. dev.          0.3358  0.4254  0.4005  0.3334  0.3173  0.2962
  weight sum             20     886     410     304     342      38
  precision          0.0018  0.0018  0.0018  0.0018  0.0018  0.0018

w2v-own(94)
  mean               0.3811  0.3806  0.3121  0.3453  0.3033  0.3471
  std. dev.          0.3943  0.3258  0.3075   0.364  0.3061  0.4768
  weight sum             20     886     410     304     342      38
  precision          0.0023  0.0023  0.0023  0.0023  0.0023  0.0023

w2v-own(95)
  mean               0.0708 -0.0722 -0.0309 -0.0428 -0.0084 -0.0781
  std. dev.          0.3769  0.3559  0.3595  0.4282  0.3936  0.5368
  weight sum             20     886     410     304     342      38
  precision          0.0026  0.0026  0.0026  0.0026  0.0026  0.0026

w2v-own(96)
  mean               1.4158  1.3071  1.3302  1.4703  1.4853  1.5095
  std. dev.          0.4359  0.6199  0.6271  0.4922  0.5018  0.6041
  weight sum             20     886     410     304     342      38
  precision          0.0024  0.0024  0.0024  0.0024  0.0024  0.0024

w2v-own(97)
  mean               1.4513  1.3074  1.2592  1.2671  1.2304  1.1596
  std. dev.          0.6215  0.5044  0.4825  0.3891  0.3014  0.3268
  weight sum             20     886     410     304     342      38
  precision          0.0025  0.0025  0.0025  0.0025  0.0025  0.0025

w2v-own(98)
  mean              -0.1208 -0.0096 -0.0291 -0.1096 -0.0965 -0.0733
  std. dev.          0.1854  0.2686  0.2775  0.2488  0.2417  0.2559
  weight sum             20     886     410     304     342      38
  precision          0.0013  0.0013  0.0013  0.0013  0.0013  0.0013

w2v-own(99)
  mean               2.1686  2.1016  2.1589  2.1513  2.1584  2.1695
  std. dev.          0.3323  0.3103  0.3202  0.3615  0.3608  0.5052
  weight sum             20     886     410     304     342      38
  precision           0.002   0.002   0.002   0.002   0.002   0.002

w2v-own(100)
  mean              -1.0379 -0.6932 -0.7182 -0.6966 -0.6694 -0.5159
  std. dev.          0.8183  0.7274  0.7012  0.6184  0.5399  0.6375
  weight sum             20     886     410     304     342      38
  precision          0.0038  0.0038  0.0038  0.0038  0.0038  0.0038



Time taken to build model: 0.34 seconds

=== Stratified cross-validation ===
=== Summary ===

Correctly Classified Instances         389               19.45   %
Incorrectly Classified Instances      1611               80.55   %
Kappa statistic                          0.0255
Mean absolute error                      0.2683
Root mean squared error                  0.5026
Relative absolute error                113.4546 %
Root relative squared error            146.2209 %
Total Number of Instances             2000     

=== Detailed Accuracy By Class ===

                 TP Rate  FP Rate  Precision  Recall   F-Measure  MCC      ROC Area  PRC Area  Class
                 0,100    0,063    0,016      0,100    0,027      0,015    0,444     0,010     1
                 0,122    0,085    0,532      0,122    0,198      0,060    0,584     0,510     2
                 0,046    0,038    0,241      0,046    0,078      0,018    0,517     0,220     3
                 0,046    0,077    0,097      0,046    0,063      -0,042   0,487     0,143     4
                 0,711    0,607    0,194      0,711    0,305      0,080    0,589     0,222     5
                 0,079    0,099    0,015      0,079    0,026      -0,009   0,478     0,018     6
Weighted Avg.    0,195    0,164    0,333      0,195    0,166      0,038    0,553     0,331     

=== Confusion Matrix ===

   a   b   c   d   e   f   <-- classified as
   2   1   1   3  10   3 |   a = 1
  73 108  41  73 505  86 |   b = 2
  31  47  19  29 249  35 |   c = 3
   9  27   6  14 214  34 |   d = 4
  12  17  11  23 243  36 |   e = 5
   0   3   1   2  29   3 |   f = 6

