=== Run information ===

Scheme:       weka.classifiers.bayes.NaiveBayes 
Relation:     comment-position-2
Instances:    2000
Attributes:   102
              [list of attributes omitted]
Test mode:    10-fold cross-validation

=== Classifier model (full training set) ===

Naive Bayes Classifier

                     Class
Attribute                1       2       3       4       5       6       7
                    (0.12)  (0.19)  (0.25)  (0.23)  (0.08)  (0.07)  (0.07)
===========================================================================
number_of_tokens
  mean              12.6739 15.9354 16.0243 15.4468 15.5032 14.0444 13.4923
  std. dev.          8.3412  8.8451  7.9743  8.2635  7.8431   8.945  7.8184
  weight sum            230     387     493     470     155     135     130
  precision               1       1       1       1       1       1       1

w2v-own(1)
  mean              -0.5778 -0.5961 -0.4678 -0.3588 -0.4795 -0.6188  -0.655
  std. dev.          0.3855  0.4956  0.5356  0.4647  0.5108  0.4689  0.4138
  weight sum            230     387     493     470     155     135     130
  precision          0.0013  0.0013  0.0013  0.0013  0.0013  0.0013  0.0013

w2v-own(2)
  mean               0.9724  1.0524  1.1355  1.1969  1.1338  0.9729   0.967
  std. dev.          0.3421  0.3844  0.4058  0.3514  0.3588  0.3822  0.3863
  weight sum            230     387     493     470     155     135     130
  precision          0.0022  0.0022  0.0022  0.0022  0.0022  0.0022  0.0022

w2v-own(3)
  mean               0.1734  0.3824  0.6234  0.7163  0.5193  0.2422  0.1087
  std. dev.          0.7511  0.9275  0.9925  0.9702  0.9575  0.8525  0.7223
  weight sum            230     387     493     470     155     135     130
  precision          0.0017  0.0017  0.0017  0.0017  0.0017  0.0017  0.0017

w2v-own(4)
  mean                0.886  0.9432   0.812  0.6559  0.7812  1.0018   0.982
  std. dev.           0.581  0.5546  0.5756   0.488  0.5222  0.5856  0.5896
  weight sum            230     387     493     470     155     135     130
  precision           0.002   0.002   0.002   0.002   0.002   0.002   0.002

w2v-own(5)
  mean                -0.07  0.0581   0.082   0.075  0.0592   0.013 -0.0192
  std. dev.          0.2644  0.2824  0.2775  0.2439   0.306    0.26    0.28
  weight sum            230     387     493     470     155     135     130
  precision          0.0012  0.0012  0.0012  0.0012  0.0012  0.0012  0.0012

w2v-own(6)
  mean              -0.8798 -0.4749 -0.1653 -0.0753 -0.3136 -0.6828 -0.8872
  std. dev.          1.0551  1.2263  1.3307  1.3489  1.3007  1.1483  1.0039
  weight sum            230     387     493     470     155     135     130
  precision          0.0025  0.0025  0.0025  0.0025  0.0025  0.0025  0.0025

w2v-own(7)
  mean              -0.0097 -0.1868 -0.3413 -0.4021 -0.2952 -0.0654    0.01
  std. dev.          0.4418  0.5469  0.6003   0.602  0.5685   0.496  0.4209
  weight sum            230     387     493     470     155     135     130
  precision          0.0013  0.0013  0.0013  0.0013  0.0013  0.0013  0.0013

w2v-own(8)
  mean               1.3705  1.1845  0.9692  0.8903   1.048  1.3188  1.4389
  std. dev.          0.7381  0.9051  0.9366   0.919  0.9196  0.8617  0.7596
  weight sum            230     387     493     470     155     135     130
  precision          0.0018  0.0018  0.0018  0.0018  0.0018  0.0018  0.0018

w2v-own(9)
  mean               0.5819  0.5633  0.3971  0.2659  0.4432  0.6027  0.6641
  std. dev.          0.5262  0.6962  0.7557  0.6681  0.7269  0.6447  0.5486
  weight sum            230     387     493     470     155     135     130
  precision          0.0017  0.0017  0.0017  0.0017  0.0017  0.0017  0.0017

w2v-own(10)
  mean              -0.5033 -0.5305 -0.5424  -0.542 -0.5056 -0.5368 -0.5128
  std. dev.          0.1567  0.1801  0.1925  0.1843    0.18  0.1626  0.1478
  weight sum            230     387     493     470     155     135     130
  precision          0.0008  0.0008  0.0008  0.0008  0.0008  0.0008  0.0008

w2v-own(11)
  mean               -1.841 -1.7498 -1.5182 -1.3878 -1.5687 -1.8385  -1.953
  std. dev.          0.6466  0.7891   0.837  0.8095  0.8085  0.7648  0.7006
  weight sum            230     387     493     470     155     135     130
  precision          0.0018  0.0018  0.0018  0.0018  0.0018  0.0018  0.0018

w2v-own(12)
  mean              -0.1741  0.3168  0.5331  0.5001  0.3473  0.0737 -0.1292
  std. dev.          1.1589  1.2421  1.2571  1.3197  1.2478  1.1385  1.1075
  weight sum            230     387     493     470     155     135     130
  precision          0.0026  0.0026  0.0026  0.0026  0.0026  0.0026  0.0026

w2v-own(13)
  mean              -0.8649 -0.7584 -0.6482  -0.608 -0.6654 -0.8415  -0.903
  std. dev.          0.3392    0.39  0.3903   0.383  0.3831  0.3749  0.3685
  weight sum            230     387     493     470     155     135     130
  precision          0.0014  0.0014  0.0014  0.0014  0.0014  0.0014  0.0014

w2v-own(14)
  mean               0.3167   0.393  0.4736  0.4899  0.4427  0.3053   0.274
  std. dev.          0.3203   0.356  0.3676  0.3613  0.3596  0.3525  0.3166
  weight sum            230     387     493     470     155     135     130
  precision          0.0013  0.0013  0.0013  0.0013  0.0013  0.0013  0.0013

w2v-own(15)
  mean               1.1085   0.834  0.5891  0.4768  0.6805  0.9668  1.1129
  std. dev.          0.7857  0.9128  1.0048  1.0088  0.9693  0.8715  0.7778
  weight sum            230     387     493     470     155     135     130
  precision           0.002   0.002   0.002   0.002   0.002   0.002   0.002

w2v-own(16)
  mean               0.5293  0.2467   0.043 -0.0249  0.1304   0.406  0.5303
  std. dev.          0.7182  0.8253  0.8976  0.8963  0.8889  0.7725  0.6869
  weight sum            230     387     493     470     155     135     130
  precision          0.0018  0.0018  0.0018  0.0018  0.0018  0.0018  0.0018

w2v-own(17)
  mean               0.4873  0.8403  1.0024  0.9907    0.86  0.6995  0.5473
  std. dev.          0.7525  0.8128    0.88  0.9337  0.8629  0.7407  0.6956
  weight sum            230     387     493     470     155     135     130
  precision          0.0018  0.0018  0.0018  0.0018  0.0018  0.0018  0.0018

w2v-own(18)
  mean              -0.1415 -0.2593 -0.3788 -0.4055 -0.3061 -0.1708 -0.0953
  std. dev.          0.5123  0.5855  0.6117  0.5829  0.6161   0.551  0.4916
  weight sum            230     387     493     470     155     135     130
  precision          0.0011  0.0011  0.0011  0.0011  0.0011  0.0011  0.0011

w2v-own(19)
  mean              -0.1545 -0.3181 -0.3563 -0.3605 -0.3245 -0.2447 -0.2179
  std. dev.          0.2492  0.3351  0.3505  0.3366  0.3527  0.2796  0.2673
  weight sum            230     387     493     470     155     135     130
  precision          0.0014  0.0014  0.0014  0.0014  0.0014  0.0014  0.0014

w2v-own(20)
  mean               0.0294  0.0355  0.0754  0.1252  0.0757  0.0139  0.0145
  std. dev.          0.2538  0.2362  0.2259  0.1933  0.2171  0.2452  0.2799
  weight sum            230     387     493     470     155     135     130
  precision          0.0011  0.0011  0.0011  0.0011  0.0011  0.0011  0.0011

w2v-own(21)
  mean               2.1813  1.8875  1.5316  1.3927  1.6494  2.1023     2.3
  std. dev.           1.112  1.3688  1.4066  1.3917  1.3764  1.2927  1.1528
  weight sum            230     387     493     470     155     135     130
  precision          0.0027  0.0027  0.0027  0.0027  0.0027  0.0027  0.0027

w2v-own(22)
  mean               0.4528  0.7401  1.0088  1.0865  0.8452  0.5965  0.4127
  std. dev.           1.039   1.254  1.3218  1.2887  1.2798  1.1429  0.9957
  weight sum            230     387     493     470     155     135     130
  precision          0.0024  0.0024  0.0024  0.0024  0.0024  0.0024  0.0024

w2v-own(23)
  mean               0.3593  0.3525  0.3427  0.3711  0.3666  0.3421  0.3692
  std. dev.          0.3966   0.457  0.4586  0.3889  0.4408  0.4338  0.4419
  weight sum            230     387     493     470     155     135     130
  precision          0.0022  0.0022  0.0022  0.0022  0.0022  0.0022  0.0022

w2v-own(24)
  mean              -0.8947 -0.7484 -0.6736 -0.6352 -0.7042 -0.8232 -0.8664
  std. dev.          0.3208  0.4095  0.4289  0.4378  0.4151  0.3611  0.3279
  weight sum            230     387     493     470     155     135     130
  precision          0.0013  0.0013  0.0013  0.0013  0.0013  0.0013  0.0013

w2v-own(25)
  mean               0.2971  0.2051  0.1221  0.0668  0.1658  0.2562  0.2935
  std. dev.          0.3036  0.3927  0.4413   0.442  0.4109  0.3764  0.3074
  weight sum            230     387     493     470     155     135     130
  precision           0.001   0.001   0.001   0.001   0.001   0.001   0.001

w2v-own(26)
  mean               0.1753 -0.0472 -0.2648 -0.3802 -0.1915  0.0918  0.1894
  std. dev.          0.6665  0.7676  0.8754  0.8654  0.8229  0.7313  0.6442
  weight sum            230     387     493     470     155     135     130
  precision           0.002   0.002   0.002   0.002   0.002   0.002   0.002

w2v-own(27)
  mean               0.3919  0.3879  0.4146  0.4641  0.4477   0.367  0.3789
  std. dev.          0.4261  0.4189  0.3896  0.3109  0.3671  0.4328  0.4756
  weight sum            230     387     493     470     155     135     130
  precision          0.0021  0.0021  0.0021  0.0021  0.0021  0.0021  0.0021

w2v-own(28)
  mean              -0.1818 -0.3549 -0.4723  -0.526 -0.4109 -0.2668 -0.2007
  std. dev.          0.4769  0.5802  0.6264  0.6243  0.5828  0.5329  0.4521
  weight sum            230     387     493     470     155     135     130
  precision          0.0013  0.0013  0.0013  0.0013  0.0013  0.0013  0.0013

w2v-own(29)
  mean              -0.2733 -0.6462 -0.9667 -1.0514 -0.8181 -0.3732  -0.202
  std. dev.          1.0869  1.2765   1.342  1.3579  1.3003  1.1758  1.0261
  weight sum            230     387     493     470     155     135     130
  precision          0.0029  0.0029  0.0029  0.0029  0.0029  0.0029  0.0029

w2v-own(30)
  mean               0.2362 -0.0566 -0.2174 -0.1841  -0.118  0.1283  0.2608
  std. dev.          0.7232  0.7737  0.7709   0.786  0.7808  0.7337   0.706
  weight sum            230     387     493     470     155     135     130
  precision          0.0021  0.0021  0.0021  0.0021  0.0021  0.0021  0.0021

w2v-own(31)
  mean                0.291  0.4625  0.5881  0.6025  0.5001  0.3639  0.2765
  std. dev.          0.5719  0.6317   0.659  0.6444  0.6574  0.5887  0.5324
  weight sum            230     387     493     470     155     135     130
  precision          0.0012  0.0012  0.0012  0.0012  0.0012  0.0012  0.0012

w2v-own(32)
  mean              -0.3625 -0.6487  -0.785 -0.7745 -0.7024 -0.5058 -0.3938
  std. dev.          0.5258  0.5849  0.6156  0.6517  0.5963  0.5118  0.4888
  weight sum            230     387     493     470     155     135     130
  precision          0.0015  0.0015  0.0015  0.0015  0.0015  0.0015  0.0015

w2v-own(33)
  mean               0.5417  1.0774  1.6092  1.8133  1.3375  0.7487  0.4432
  std. dev.          1.7922  2.1928  2.3499  2.3143  2.2624  2.0096  1.7012
  weight sum            230     387     493     470     155     135     130
  precision          0.0039  0.0039  0.0039  0.0039  0.0039  0.0039  0.0039

w2v-own(34)
  mean              -0.4989 -0.7266 -0.9824 -1.1048 -0.8553 -0.6143 -0.4617
  std. dev.          0.7773  0.9705  1.0893  1.0657  1.0381  0.8789  0.7125
  weight sum            230     387     493     470     155     135     130
  precision           0.002   0.002   0.002   0.002   0.002   0.002   0.002

w2v-own(35)
  mean              -1.5578 -1.0917 -0.7098 -0.5294 -0.8579 -1.3379 -1.5545
  std. dev.          1.2985  1.4886  1.6321  1.6082  1.5971  1.4275  1.2741
  weight sum            230     387     493     470     155     135     130
  precision          0.0033  0.0033  0.0033  0.0033  0.0033  0.0033  0.0033

w2v-own(36)
  mean              -0.2963 -0.8142 -1.2004 -1.3441 -1.0076 -0.5048 -0.2946
  std. dev.          1.2398   1.504  1.6612  1.6772  1.6046  1.3619  1.1605
  weight sum            230     387     493     470     155     135     130
  precision           0.003   0.003   0.003   0.003   0.003   0.003   0.003

w2v-own(37)
  mean               0.3076  0.4185   0.305  0.1427  0.2649  0.4006  0.3766
  std. dev.          0.6401  0.5714  0.6145  0.5122  0.5893  0.5995  0.6134
  weight sum            230     387     493     470     155     135     130
  precision          0.0022  0.0022  0.0022  0.0022  0.0022  0.0022  0.0022

w2v-own(38)
  mean               0.4164  0.5077  0.7672  0.9665  0.7059  0.4261  0.3462
  std. dev.          0.7098  0.8602   1.001  0.9364  0.9186  0.8024  0.6721
  weight sum            230     387     493     470     155     135     130
  precision          0.0021  0.0021  0.0021  0.0021  0.0021  0.0021  0.0021

w2v-own(39)
  mean              -2.3388 -2.8758 -3.4051 -3.6082 -3.1559 -2.5387 -2.2549
  std. dev.          1.5971   1.905  2.1145   2.105  2.0183   1.729  1.4202
  weight sum            230     387     493     470     155     135     130
  precision          0.0036  0.0036  0.0036  0.0036  0.0036  0.0036  0.0036

w2v-own(40)
  mean               0.5256   0.217  0.0271  0.0055  0.1327  0.3743  0.5329
  std. dev.          0.6931  0.7875  0.8107  0.8422  0.8067  0.7144  0.6691
  weight sum            230     387     493     470     155     135     130
  precision          0.0016  0.0016  0.0016  0.0016  0.0016  0.0016  0.0016

w2v-own(41)
  mean               0.0395 -0.1097 -0.3113 -0.4076 -0.2344 -0.0048  0.0936
  std. dev.          0.6266  0.7762  0.8408  0.8082   0.803  0.7177  0.5985
  weight sum            230     387     493     470     155     135     130
  precision          0.0014  0.0014  0.0014  0.0014  0.0014  0.0014  0.0014

w2v-own(42)
  mean                 0.49   0.683  0.7155  0.6982  0.6781  0.6442  0.5799
  std. dev.          0.3649  0.3471  0.3559  0.3641  0.3879  0.3185  0.3798
  weight sum            230     387     493     470     155     135     130
  precision          0.0015  0.0015  0.0015  0.0015  0.0015  0.0015  0.0015

w2v-own(43)
  mean               0.6661  1.1039  1.4521  1.5196  1.2472  0.8452  0.6105
  std. dev.          1.4227  1.6345  1.6938  1.6616  1.6591  1.5056  1.3478
  weight sum            230     387     493     470     155     135     130
  precision          0.0029  0.0029  0.0029  0.0029  0.0029  0.0029  0.0029

w2v-own(44)
  mean              -0.4718 -0.4743 -0.5009 -0.5605  -0.513 -0.4617 -0.4757
  std. dev.          0.3565  0.3228  0.2989  0.2399  0.2901  0.3408  0.3916
  weight sum            230     387     493     470     155     135     130
  precision          0.0016  0.0016  0.0016  0.0016  0.0016  0.0016  0.0016

w2v-own(45)
  mean              -0.7742 -1.0577 -1.2304 -1.2193 -1.0681 -0.9151 -0.7606
  std. dev.          1.0697  1.1483  1.1541  1.1078  1.1431  1.0701  1.0308
  weight sum            230     387     493     470     155     135     130
  precision          0.0026  0.0026  0.0026  0.0026  0.0026  0.0026  0.0026

w2v-own(46)
  mean               -0.258 -0.3667 -0.2458 -0.0861 -0.2537   -0.35 -0.3507
  std. dev.          0.4788  0.6197  0.6628   0.551  0.6277  0.5502  0.5054
  weight sum            230     387     493     470     155     135     130
  precision          0.0021  0.0021  0.0021  0.0021  0.0021  0.0021  0.0021

w2v-own(47)
  mean              -1.0178 -0.6663 -0.4938 -0.4633 -0.6028 -0.8099 -0.9411
  std. dev.          0.8009  0.8925  0.9438  0.9798  0.9548  0.8425  0.7756
  weight sum            230     387     493     470     155     135     130
  precision          0.0021  0.0021  0.0021  0.0021  0.0021  0.0021  0.0021

w2v-own(48)
  mean               -0.093  -0.158 -0.2974 -0.4058 -0.2725 -0.1199 -0.0734
  std. dev.          0.4716  0.4818  0.5584  0.5042  0.5322  0.4944  0.4642
  weight sum            230     387     493     470     155     135     130
  precision          0.0018  0.0018  0.0018  0.0018  0.0018  0.0018  0.0018

w2v-own(49)
  mean               -0.437 -0.5961 -0.7534 -0.8318 -0.6702 -0.5097  -0.434
  std. dev.          0.5454   0.681   0.764  0.7617  0.7081  0.6281  0.5112
  weight sum            230     387     493     470     155     135     130
  precision          0.0015  0.0015  0.0015  0.0015  0.0015  0.0015  0.0015

w2v-own(50)
  mean              -0.7688 -0.8452 -0.9645  -1.031 -0.9225 -0.7811 -0.7263
  std. dev.          0.3227  0.3569  0.4204  0.4156  0.3824  0.3398  0.3267
  weight sum            230     387     493     470     155     135     130
  precision          0.0015  0.0015  0.0015  0.0015  0.0015  0.0015  0.0015

w2v-own(51)
  mean              -1.2457 -1.1565 -1.1255  -1.158 -1.1525 -1.1757 -1.2313
  std. dev.          0.4161  0.4019  0.3837   0.379  0.3893  0.4071  0.4174
  weight sum            230     387     493     470     155     135     130
  precision          0.0014  0.0014  0.0014  0.0014  0.0014  0.0014  0.0014

w2v-own(52)
  mean                0.561   0.964  1.3445  1.5539  1.2044   0.749  0.5692
  std. dev.          1.2183  1.3827  1.5996    1.55  1.5356  1.3239  1.1534
  weight sum            230     387     493     470     155     135     130
  precision          0.0037  0.0037  0.0037  0.0037  0.0037  0.0037  0.0037

w2v-own(53)
  mean               0.0362 -0.1724 -0.4365 -0.6322 -0.3556 -0.0551   0.051
  std. dev.          0.8162  0.9369  1.0934  1.0514  1.0079   0.907  0.7901
  weight sum            230     387     493     470     155     135     130
  precision          0.0028  0.0028  0.0028  0.0028  0.0028  0.0028  0.0028

w2v-own(54)
  mean               0.2468  0.8391  1.2147  1.3514  1.0073  0.5578   0.313
  std. dev.          1.3096  1.5541  1.7399  1.7759  1.6812  1.4259  1.2364
  weight sum            230     387     493     470     155     135     130
  precision          0.0031  0.0031  0.0031  0.0031  0.0031  0.0031  0.0031

w2v-own(55)
  mean              -0.4168 -0.7653 -1.0918 -1.2171   -0.95 -0.5511 -0.3693
  std. dev.            0.96  1.1615  1.2783  1.2891  1.2069   1.059  0.8968
  weight sum            230     387     493     470     155     135     130
  precision          0.0023  0.0023  0.0023  0.0023  0.0023  0.0023  0.0023

w2v-own(56)
  mean               0.3805  0.6746  0.8005  0.7947  0.7211  0.5246  0.4201
  std. dev.          0.4843  0.5612  0.5854  0.6083  0.5674  0.4748  0.4687
  weight sum            230     387     493     470     155     135     130
  precision          0.0018  0.0018  0.0018  0.0018  0.0018  0.0018  0.0018

w2v-own(57)
  mean              -0.1768 -0.2161 -0.1584 -0.0639 -0.1436 -0.2125 -0.1959
  std. dev.          0.3505  0.3028  0.3295  0.2684  0.3052  0.3394  0.3482
  weight sum            230     387     493     470     155     135     130
  precision          0.0012  0.0012  0.0012  0.0012  0.0012  0.0012  0.0012

w2v-own(58)
  mean               1.6556  1.9218  2.0124   1.997  1.9026  1.8103  1.7246
  std. dev.          0.5749  0.5615  0.6119   0.653  0.5869  0.5131  0.4888
  weight sum            230     387     493     470     155     135     130
  precision          0.0015  0.0015  0.0015  0.0015  0.0015  0.0015  0.0015

w2v-own(59)
  mean               0.2675  0.5405  0.8448   1.006  0.6992  0.4095  0.2435
  std. dev.           0.968  1.2145  1.3686  1.3274  1.2968  1.1124  0.9036
  weight sum            230     387     493     470     155     135     130
  precision          0.0024  0.0024  0.0024  0.0024  0.0024  0.0024  0.0024

w2v-own(60)
  mean               0.6843  0.9445  1.1087   1.164  0.9994  0.8438  0.7283
  std. dev.          0.6196  0.7178  0.8147  0.8365   0.767  0.6559  0.5515
  weight sum            230     387     493     470     155     135     130
  precision          0.0017  0.0017  0.0017  0.0017  0.0017  0.0017  0.0017

w2v-own(61)
  mean               0.3776   0.318   0.292   0.231  0.2848  0.3302  0.3263
  std. dev.          0.4235  0.4447  0.4514   0.384  0.4365  0.4221  0.4632
  weight sum            230     387     493     470     155     135     130
  precision          0.0023  0.0023  0.0023  0.0023  0.0023  0.0023  0.0023

w2v-own(62)
  mean               -0.174 -0.3414 -0.2798 -0.1524 -0.2264   -0.29 -0.2591
  std. dev.          0.5816  0.5107  0.4882  0.4385   0.493   0.521  0.5965
  weight sum            230     387     493     470     155     135     130
  precision          0.0019  0.0019  0.0019  0.0019  0.0019  0.0019  0.0019

w2v-own(63)
  mean               1.9856  2.1166  2.3701   2.529  2.3012  2.0139   1.921
  std. dev.          0.7558  0.8507  0.9893  0.9226  0.9455  0.8089  0.6768
  weight sum            230     387     493     470     155     135     130
  precision          0.0023  0.0023  0.0023  0.0023  0.0023  0.0023  0.0023

w2v-own(64)
  mean              -0.1866 -0.5199 -0.7916 -0.9293 -0.6554  -0.369 -0.2175
  std. dev.          0.9657  1.1248  1.3037   1.277  1.2732  1.0798   0.911
  weight sum            230     387     493     470     155     135     130
  precision          0.0025  0.0025  0.0025  0.0025  0.0025  0.0025  0.0025

w2v-own(65)
  mean               0.3422  0.1099  0.0455  0.1325  0.1113  0.2552  0.3392
  std. dev.           0.596  0.5931  0.5445  0.5448  0.5534  0.5587  0.5932
  weight sum            230     387     493     470     155     135     130
  precision          0.0018  0.0018  0.0018  0.0018  0.0018  0.0018  0.0018

w2v-own(66)
  mean              -0.6248 -0.5943 -0.5812 -0.5755 -0.5781 -0.6192 -0.6167
  std. dev.           0.201  0.1987  0.2028  0.1992  0.2164  0.1934   0.177
  weight sum            230     387     493     470     155     135     130
  precision          0.0008  0.0008  0.0008  0.0008  0.0008  0.0008  0.0008

w2v-own(67)
  mean                -1.18 -1.1162 -0.8627 -0.7141 -0.9348 -1.2106 -1.3198
  std. dev.          0.7726  1.0214  1.0725  0.9886  1.0411  0.9483  0.8259
  weight sum            230     387     493     470     155     135     130
  precision          0.0023  0.0023  0.0023  0.0023  0.0023  0.0023  0.0023

w2v-own(68)
  mean               1.0796  1.0599  1.1314  1.1875   1.126  1.0253  1.0318
  std. dev.          0.3007  0.2845  0.3077  0.3076  0.3031  0.3036   0.278
  weight sum            230     387     493     470     155     135     130
  precision          0.0012  0.0012  0.0012  0.0012  0.0012  0.0012  0.0012

w2v-own(69)
  mean              -0.2836 -0.1971 -0.1618 -0.1577 -0.1802 -0.2374 -0.2582
  std. dev.          0.2918  0.2846  0.2977  0.2868  0.3286  0.2746  0.2702
  weight sum            230     387     493     470     155     135     130
  precision           0.001   0.001   0.001   0.001   0.001   0.001   0.001

w2v-own(70)
  mean               0.9862  0.9013   0.865  0.8478  0.9019  0.9201  0.9532
  std. dev.          0.3337   0.352  0.3721  0.3845   0.376   0.365   0.328
  weight sum            230     387     493     470     155     135     130
  precision          0.0014  0.0014  0.0014  0.0014  0.0014  0.0014  0.0014

w2v-own(71)
  mean              -0.3102 -0.6673  -0.965 -1.0876 -0.8077  -0.458  -0.288
  std. dev.           0.978  1.1872  1.3017  1.3058   1.246  1.0902  0.9163
  weight sum            230     387     493     470     155     135     130
  precision          0.0021  0.0021  0.0021  0.0021  0.0021  0.0021  0.0021

w2v-own(72)
  mean              -0.0334 -0.1223  -0.161  -0.128 -0.1237 -0.0622 -0.0148
  std. dev.          0.2821  0.2766   0.256  0.2605  0.2564  0.2763  0.2846
  weight sum            230     387     493     470     155     135     130
  precision          0.0011  0.0011  0.0011  0.0011  0.0011  0.0011  0.0011

w2v-own(73)
  mean               0.6775  0.5097  0.3835  0.3392   0.415  0.6195   0.691
  std. dev.          0.4554  0.5175  0.5271  0.4949  0.5222  0.4912  0.4805
  weight sum            230     387     493     470     155     135     130
  precision          0.0019  0.0019  0.0019  0.0019  0.0019  0.0019  0.0019

w2v-own(74)
  mean              -0.9667 -0.8703 -0.6147 -0.5112 -0.7245 -0.9871 -1.1241
  std. dev.          0.9721   1.231  1.2441  1.1407  1.2412  1.1432   1.038
  weight sum            230     387     493     470     155     135     130
  precision           0.003   0.003   0.003   0.003   0.003   0.003   0.003

w2v-own(75)
  mean               0.1531 -0.1553 -0.3652 -0.4183 -0.2379 -0.0093  0.1385
  std. dev.          0.7842  0.9279   1.004  1.0334  0.9664  0.8533  0.7476
  weight sum            230     387     493     470     155     135     130
  precision          0.0017  0.0017  0.0017  0.0017  0.0017  0.0017  0.0017

w2v-own(76)
  mean              -0.4639  -0.198 -0.1968 -0.3448 -0.2936 -0.3152  -0.418
  std. dev.           0.898  0.7851  0.7254  0.7018  0.7311  0.7966  0.9075
  weight sum            230     387     493     470     155     135     130
  precision           0.003   0.003   0.003   0.003   0.003   0.003   0.003

w2v-own(77)
  mean               1.0142  0.9652  0.9099  0.8509  0.9303  0.9809  1.0105
  std. dev.          0.2469  0.2921  0.3368  0.3477   0.317    0.29  0.2497
  weight sum            230     387     493     470     155     135     130
  precision          0.0012  0.0012  0.0012  0.0012  0.0012  0.0012  0.0012

w2v-own(78)
  mean               0.6419  0.8568  0.8865  0.8126  0.8251  0.7798  0.6996
  std. dev.          0.4041  0.3744  0.3766  0.3833  0.3979  0.3346  0.3821
  weight sum            230     387     493     470     155     135     130
  precision          0.0012  0.0012  0.0012  0.0012  0.0012  0.0012  0.0012

w2v-own(79)
  mean              -0.4441 -0.6749 -0.9176 -1.0403  -0.796 -0.5471 -0.4284
  std. dev.          0.7745  0.9491  1.0855  1.0567  1.0399  0.8878  0.7137
  weight sum            230     387     493     470     155     135     130
  precision          0.0019  0.0019  0.0019  0.0019  0.0019  0.0019  0.0019

w2v-own(80)
  mean               0.8627  0.4736  0.2504  0.2587  0.3822  0.7129  0.8899
  std. dev.          0.9631  1.0905  1.0765  1.1089  1.0818  1.0133  0.9528
  weight sum            230     387     493     470     155     135     130
  precision          0.0023  0.0023  0.0023  0.0023  0.0023  0.0023  0.0023

w2v-own(81)
  mean                -0.17   0.219  0.3227  0.1754  0.1656  0.0429 -0.1513
  std. dev.          1.1272  1.0291  0.9594  0.9704  0.9603  1.0188  1.0946
  weight sum            230     387     493     470     155     135     130
  precision          0.0034  0.0034  0.0034  0.0034  0.0034  0.0034  0.0034

w2v-own(82)
  mean              -0.5054 -0.4446 -0.3322 -0.2288 -0.3283 -0.4695 -0.5027
  std. dev.          0.6492  0.5657  0.5692  0.4842  0.5649  0.6134  0.6615
  weight sum            230     387     493     470     155     135     130
  precision          0.0025  0.0025  0.0025  0.0025  0.0025  0.0025  0.0025

w2v-own(83)
  mean              -0.1294 -0.4966 -0.6518 -0.6301 -0.5067  -0.329 -0.1837
  std. dev.          0.9297   0.993  1.0067  1.0376    0.99   0.925  0.8947
  weight sum            230     387     493     470     155     135     130
  precision          0.0022  0.0022  0.0022  0.0022  0.0022  0.0022  0.0022

w2v-own(84)
  mean               0.1638  0.2912  0.4115  0.4355   0.353  0.2271  0.1526
  std. dev.          0.4004  0.4631   0.514  0.5063  0.5117  0.4382  0.3741
  weight sum            230     387     493     470     155     135     130
  precision           0.001   0.001   0.001   0.001   0.001   0.001   0.001

w2v-own(85)
  mean               0.0781 -0.0129 -0.1584 -0.2636  -0.147  0.0187  0.0777
  std. dev.           0.609  0.5797  0.6389  0.5606  0.6347  0.6223   0.615
  weight sum            230     387     493     470     155     135     130
  precision          0.0024  0.0024  0.0024  0.0024  0.0024  0.0024  0.0024

w2v-own(86)
  mean              -0.2379 -0.3299 -0.4588 -0.4943 -0.3946 -0.2809 -0.1828
  std. dev.          0.4478  0.5682  0.5771  0.5344  0.5654  0.5059  0.4474
  weight sum            230     387     493     470     155     135     130
  precision          0.0016  0.0016  0.0016  0.0016  0.0016  0.0016  0.0016

w2v-own(87)
  mean              -0.0976  0.0671  0.0635  0.0336  0.0487  0.0141 -0.0024
  std. dev.          0.3838  0.4483  0.4163  0.3751  0.4657   0.384  0.4072
  weight sum            230     387     493     470     155     135     130
  precision           0.002   0.002   0.002   0.002   0.002   0.002   0.002

w2v-own(88)
  mean               0.6067  0.8397  1.0778  1.1485   0.928  0.7027  0.5599
  std. dev.           0.991  1.1607  1.2337  1.1819  1.1941  1.0685  0.9425
  weight sum            230     387     493     470     155     135     130
  precision          0.0024  0.0024  0.0024  0.0024  0.0024  0.0024  0.0024

w2v-own(89)
  mean              -0.2267 -0.2512 -0.3373 -0.3731 -0.2745 -0.2299 -0.1768
  std. dev.          0.5754  0.6927  0.6637  0.5716  0.6476  0.6284  0.6085
  weight sum            230     387     493     470     155     135     130
  precision          0.0024  0.0024  0.0024  0.0024  0.0024  0.0024  0.0024

w2v-own(90)
  mean              -0.0368 -0.4419 -0.6286 -0.6248 -0.4868  -0.237 -0.0815
  std. dev.          0.8103   0.917  0.9721  1.0336  0.9611  0.8142  0.7654
  weight sum            230     387     493     470     155     135     130
  precision          0.0021  0.0021  0.0021  0.0021  0.0021  0.0021  0.0021

w2v-own(91)
  mean              -0.4653 -0.4476 -0.3247 -0.2269 -0.3447 -0.4923 -0.5283
  std. dev.          0.3374  0.4142  0.4502  0.4429  0.4243  0.3708  0.3551
  weight sum            230     387     493     470     155     135     130
  precision          0.0013  0.0013  0.0013  0.0013  0.0013  0.0013  0.0013

w2v-own(92)
  mean              -1.7963 -1.6975 -1.5475 -1.4592 -1.5519 -1.8287 -1.8618
  std. dev.          0.5431  0.6275  0.6236  0.5829  0.6093  0.6122  0.5597
  weight sum            230     387     493     470     155     135     130
  precision          0.0021  0.0021  0.0021  0.0021  0.0021  0.0021  0.0021

w2v-own(93)
  mean               2.2732    2.59  2.8212  2.9251  2.6877  2.4465  2.3139
  std. dev.          0.7316  0.8071  0.9744  0.9863  0.9108  0.7334   0.642
  weight sum            230     387     493     470     155     135     130
  precision          0.0022  0.0022  0.0022  0.0022  0.0022  0.0022  0.0022

w2v-own(94)
  mean               0.2588  0.1931  0.0758  0.0006  0.1016  0.2637  0.3124
  std. dev.          0.3597  0.4093  0.4157   0.385  0.3978  0.3994  0.4056
  weight sum            230     387     493     470     155     135     130
  precision          0.0015  0.0015  0.0015  0.0015  0.0015  0.0015  0.0015

w2v-own(95)
  mean               0.0024 -0.1542  -0.165 -0.1549 -0.1315 -0.1262 -0.0882
  std. dev.          0.2934  0.3016  0.3058   0.298  0.3277  0.3094  0.3393
  weight sum            230     387     493     470     155     135     130
  precision          0.0016  0.0016  0.0016  0.0016  0.0016  0.0016  0.0016

w2v-own(96)
  mean               0.9863  0.5376   0.217  0.0988  0.3865  0.7671  0.9748
  std. dev.          1.1378  1.3781  1.4932  1.5271  1.4393  1.2733  1.1009
  weight sum            230     387     493     470     155     135     130
  precision          0.0028  0.0028  0.0028  0.0028  0.0028  0.0028  0.0028

w2v-own(97)
  mean               1.2941  1.1822  1.0109  0.8622  1.0248  1.2285  1.2911
  std. dev.          0.7039  0.6929  0.7547  0.6854   0.717  0.7161  0.6885
  weight sum            230     387     493     470     155     135     130
  precision          0.0025  0.0025  0.0025  0.0025  0.0025  0.0025  0.0025

w2v-own(98)
  mean               0.0997  0.2703  0.4024  0.4311  0.3343  0.1618  0.0835
  std. dev.          0.4816  0.5407  0.5907  0.5827  0.5985  0.5147  0.4526
  weight sum            230     387     493     470     155     135     130
  precision          0.0013  0.0013  0.0013  0.0013  0.0013  0.0013  0.0013

w2v-own(99)
  mean               2.1048   2.167  2.2101  2.2114  2.1802  2.1271  2.0994
  std. dev.          0.3315  0.3104  0.3116  0.3228  0.3301  0.3245  0.3124
  weight sum            230     387     493     470     155     135     130
  precision          0.0016  0.0016  0.0016  0.0016  0.0016  0.0016  0.0016

w2v-own(100)
  mean              -0.8337 -0.6418 -0.5138 -0.4017 -0.5209 -0.7094 -0.7499
  std. dev.           0.851  0.8123  0.8353  0.7416  0.8524  0.8319  0.8452
  weight sum            230     387     493     470     155     135     130
  precision          0.0033  0.0033  0.0033  0.0033  0.0033  0.0033  0.0033



Time taken to build model: 0.34 seconds

=== Stratified cross-validation ===
=== Summary ===

Correctly Classified Instances         363               18.15   %
Incorrectly Classified Instances      1637               81.85   %
Kappa statistic                          0.0501
Mean absolute error                      0.2341
Root mean squared error                  0.4649
Relative absolute error                100.0666 %
Root relative squared error            135.956  %
Total Number of Instances             2000     

=== Detailed Accuracy By Class ===

                 TP Rate  FP Rate  Precision  Recall   F-Measure  MCC      ROC Area  PRC Area  Class
                 0,343    0,241    0,156      0,343    0,215      0,075    0,618     0,155     1
                 0,023    0,025    0,180      0,023    0,041      -0,005   0,557     0,222     2
                 0,018    0,017    0,265      0,018    0,034      0,006    0,554     0,267     3
                 0,443    0,282    0,326      0,443    0,375      0,146    0,608     0,305     4
                 0,000    0,004    0,000      0,000    0,000      -0,018   0,490     0,076     5
                 0,000    0,009    0,000      0,000    0,000      -0,024   0,534     0,068     6
                 0,446    0,368    0,078      0,446    0,132      0,040    0,579     0,075     7
Weighted Avg.    0,182    0,128    0,200      0,182    0,138      0,043    0,570     0,214     

=== Confusion Matrix ===

   a   b   c   d   e   f   g   <-- classified as
  79   2   0  34   0   1 114 |   a = 1
  86   9  13 104   2   1 172 |   b = 2
 102  16   9 186   3   5 172 |   c = 3
 124  14   7 208   2   4 111 |   d = 4
  40   3   4  55   0   0  53 |   e = 5
  32   2   1  32   1   0  67 |   f = 6
  43   4   0  20   0   5  58 |   g = 7

