=== Run information ===

Scheme:       weka.classifiers.bayes.NaiveBayes 
Relation:     comment-move-2
Instances:    2000
Attributes:   302
              [list of attributes omitted]
Test mode:    10-fold cross-validation

=== Classifier model (full training set) ===

Naive Bayes Classifier

                        Class
Attribute                   1       2       3       4       5       6
                       (0.01)  (0.44)   (0.2)  (0.15)  (0.17)  (0.02)
======================================================================
number_of_tokens
  mean                   19.05 14.4616 16.3439 15.4704 13.5585 12.3421
  std. dev.            12.0228  9.3253 10.6469  9.7882  9.4631 10.2631
  weight sum                20     886     410     304     342      38
  precision                  1       1       1       1       1       1

w2v-pretrained(1)
  mean                  0.2095  0.1459  0.1176  0.1528  0.2359  0.1958
  std. dev.             0.2087  0.3233  0.3348  0.3192  0.3116  0.3759
  weight sum                20     886     410     304     342      38
  precision              0.002   0.002   0.002   0.002   0.002   0.002

w2v-pretrained(2)
  mean                  0.1874  0.1281   0.144  0.1535  0.1335  0.0948
  std. dev.              0.183  0.2733  0.2492  0.2598  0.2791  0.3132
  weight sum                20     886     410     304     342      38
  precision             0.0016  0.0016  0.0016  0.0016  0.0016  0.0016

w2v-pretrained(3)
  mean                   0.033  0.0241  0.0532  0.0768  0.1509  0.0913
  std. dev.             0.2715  0.2893  0.2507  0.2637   0.294  0.2959
  weight sum                20     886     410     304     342      38
  precision             0.0014  0.0014  0.0014  0.0014  0.0014  0.0014

w2v-pretrained(4)
  mean                  0.3591   0.352  0.4186  0.3967  0.3557    0.36
  std. dev.             0.2261  0.2891  0.2778   0.246  0.2944  0.3294
  weight sum                20     886     410     304     342      38
  precision             0.0015  0.0015  0.0015  0.0015  0.0015  0.0015

w2v-pretrained(5)
  mean                 -0.2665 -0.2214  -0.258 -0.2842 -0.3424 -0.3086
  std. dev.             0.2955  0.2934  0.2836  0.2661  0.3292  0.3484
  weight sum                20     886     410     304     342      38
  precision             0.0017  0.0017  0.0017  0.0017  0.0017  0.0017

w2v-pretrained(6)
  mean                  -0.053  0.0032  0.0352  0.0725    0.01 -0.0182
  std. dev.             0.2005  0.2991  0.2648  0.2794  0.3499  0.4106
  weight sum                20     886     410     304     342      38
  precision             0.0017  0.0017  0.0017  0.0017  0.0017  0.0017

w2v-pretrained(7)
  mean                   0.093  0.1282  0.2409  0.2498  0.2399  0.2658
  std. dev.             0.2351  0.3338  0.3441  0.3023  0.2963   0.369
  weight sum                20     886     410     304     342      38
  precision             0.0018  0.0018  0.0018  0.0018  0.0018  0.0018

w2v-pretrained(8)
  mean                 -0.3696 -0.3038  -0.316 -0.2767 -0.3791 -0.4268
  std. dev.             0.2355  0.2876  0.3074  0.2374  0.3278  0.3044
  weight sum                20     886     410     304     342      38
  precision             0.0018  0.0018  0.0018  0.0018  0.0018  0.0018

w2v-pretrained(9)
  mean                  0.2585  0.3634  0.3294  0.3763  0.3787  0.4922
  std. dev.             0.1839  0.2794   0.274  0.2583  0.2892  0.3531
  weight sum                20     886     410     304     342      38
  precision             0.0014  0.0014  0.0014  0.0014  0.0014  0.0014

w2v-pretrained(10)
  mean                  0.4076  0.3543  0.3144  0.3467  0.4719   0.505
  std. dev.             0.2841  0.2817  0.2797  0.2622  0.3298  0.3243
  weight sum                20     886     410     304     342      38
  precision             0.0018  0.0018  0.0018  0.0018  0.0018  0.0018

w2v-pretrained(11)
  mean                 -0.2776 -0.2785 -0.2616 -0.2865 -0.2207  -0.156
  std. dev.             0.1952  0.2688  0.2735  0.2746  0.2764  0.2827
  weight sum                20     886     410     304     342      38
  precision             0.0016  0.0016  0.0016  0.0016  0.0016  0.0016

w2v-pretrained(12)
  mean                 -0.4068 -0.3842 -0.3884 -0.3999 -0.5037  -0.536
  std. dev.             0.2971  0.3156  0.2732  0.2637  0.3555  0.3646
  weight sum                20     886     410     304     342      38
  precision             0.0014  0.0014  0.0014  0.0014  0.0014  0.0014

w2v-pretrained(13)
  mean                 -0.1824 -0.1379 -0.0847 -0.0926 -0.1233 -0.1667
  std. dev.             0.2364  0.2929  0.2761  0.2783  0.2882  0.3596
  weight sum                20     886     410     304     342      38
  precision             0.0018  0.0018  0.0018  0.0018  0.0018  0.0018

w2v-pretrained(14)
  mean                  0.1318  0.2109  0.1535   0.182   0.226  0.1979
  std. dev.              0.325  0.3356  0.3085  0.2844  0.3132  0.3886
  weight sum                20     886     410     304     342      38
  precision              0.002   0.002   0.002   0.002   0.002   0.002

w2v-pretrained(15)
  mean                 -0.4107 -0.4787  -0.517 -0.5227  -0.553 -0.4129
  std. dev.             0.2062  0.2716  0.2658  0.2619  0.2695  0.3085
  weight sum                20     886     410     304     342      38
  precision             0.0014  0.0014  0.0014  0.0014  0.0014  0.0014

w2v-pretrained(16)
  mean                  0.3451  0.2362  0.2211  0.2805  0.2982  0.3618
  std. dev.              0.212  0.2995  0.3092  0.2847  0.3197  0.3577
  weight sum                20     886     410     304     342      38
  precision             0.0012  0.0012  0.0012  0.0012  0.0012  0.0012

w2v-pretrained(17)
  mean                  0.3372  0.2564  0.2362  0.2638  0.3233  0.3163
  std. dev.             0.2484  0.3058   0.289  0.2911  0.2714  0.3208
  weight sum                20     886     410     304     342      38
  precision             0.0019  0.0019  0.0019  0.0019  0.0019  0.0019

w2v-pretrained(18)
  mean                  0.5122  0.4264  0.4693  0.4059  0.3834  0.3325
  std. dev.             0.2792  0.3207  0.2997  0.3229  0.3171  0.2233
  weight sum                20     886     410     304     342      38
  precision             0.0018  0.0018  0.0018  0.0018  0.0018  0.0018

w2v-pretrained(19)
  mean                  0.0562 -0.0315 -0.0118  0.0045  0.0189  0.0873
  std. dev.             0.2959  0.2791  0.2837  0.2554  0.2998  0.2734
  weight sum                20     886     410     304     342      38
  precision             0.0014  0.0014  0.0014  0.0014  0.0014  0.0014

w2v-pretrained(20)
  mean                 -0.4428 -0.3281 -0.3028 -0.3189 -0.4031 -0.3618
  std. dev.             0.2884  0.2986  0.2464  0.2474  0.3026   0.298
  weight sum                20     886     410     304     342      38
  precision             0.0021  0.0021  0.0021  0.0021  0.0021  0.0021

w2v-pretrained(21)
  mean                   0.039 -0.0077 -0.0185 -0.0137  0.0495  0.0845
  std. dev.             0.2656  0.3336   0.321   0.298  0.3472   0.232
  weight sum                20     886     410     304     342      38
  precision             0.0019  0.0019  0.0019  0.0019  0.0019  0.0019

w2v-pretrained(22)
  mean                  0.1252  0.1116  0.0887  0.0923   0.106  0.0975
  std. dev.             0.2421  0.3379   0.292  0.2825  0.3306  0.3306
  weight sum                20     886     410     304     342      38
  precision             0.0016  0.0016  0.0016  0.0016  0.0016  0.0016

w2v-pretrained(23)
  mean                  0.2797  0.1926  0.1272    0.18  0.2855  0.2967
  std. dev.             0.2187  0.3807  0.3206   0.373  0.4016  0.3325
  weight sum                20     886     410     304     342      38
  precision             0.0018  0.0018  0.0018  0.0018  0.0018  0.0018

w2v-pretrained(24)
  mean                 -0.0679 -0.0094  0.0086  0.0485   0.033 -0.0108
  std. dev.             0.2936  0.2737  0.2294  0.2351  0.2642  0.2569
  weight sum                20     886     410     304     342      38
  precision             0.0011  0.0011  0.0011  0.0011  0.0011  0.0011

w2v-pretrained(25)
  mean                  0.1754  0.1318  0.0671  0.1808  0.2714  0.2876
  std. dev.             0.2616   0.302  0.3037   0.294   0.359  0.3049
  weight sum                20     886     410     304     342      38
  precision             0.0019  0.0019  0.0019  0.0019  0.0019  0.0019

w2v-pretrained(26)
  mean                 -0.0068  0.0032 -0.0251 -0.0057  0.0142  0.0773
  std. dev.             0.2182   0.278  0.2519  0.2365  0.3196  0.3232
  weight sum                20     886     410     304     342      38
  precision             0.0018  0.0018  0.0018  0.0018  0.0018  0.0018

w2v-pretrained(27)
  mean                 -0.4693 -0.4788 -0.4663 -0.4419  -0.388 -0.3314
  std. dev.             0.2948  0.3086  0.3217  0.3029  0.3377  0.3013
  weight sum                20     886     410     304     342      38
  precision             0.0014  0.0014  0.0014  0.0014  0.0014  0.0014

w2v-pretrained(28)
  mean                   0.127  0.1535  0.2051  0.1794  0.0893  0.1244
  std. dev.             0.2986  0.3133  0.2738  0.2819  0.2958  0.3388
  weight sum                20     886     410     304     342      38
  precision             0.0016  0.0016  0.0016  0.0016  0.0016  0.0016

w2v-pretrained(29)
  mean                  0.1249  0.1155  0.1166  0.1135  0.1644  0.1705
  std. dev.             0.2035  0.2658  0.2482  0.2642   0.284  0.3358
  weight sum                20     886     410     304     342      38
  precision             0.0015  0.0015  0.0015  0.0015  0.0015  0.0015

w2v-pretrained(30)
  mean                 -0.0235    0.06  0.0836  0.1131  0.0713   0.011
  std. dev.              0.142  0.2992   0.299  0.2666  0.3113   0.377
  weight sum                20     886     410     304     342      38
  precision             0.0016  0.0016  0.0016  0.0016  0.0016  0.0016

w2v-pretrained(31)
  mean                 -0.1187 -0.0077 -0.0587 -0.0277 -0.1103 -0.1673
  std. dev.             0.2956  0.2933  0.2816  0.2625  0.3095  0.3375
  weight sum                20     886     410     304     342      38
  precision             0.0018  0.0018  0.0018  0.0018  0.0018  0.0018

w2v-pretrained(32)
  mean                  0.0598  0.0559  0.0929  0.1075  0.0835  0.1341
  std. dev.              0.238  0.2875   0.257  0.3031  0.3346  0.3362
  weight sum                20     886     410     304     342      38
  precision             0.0019  0.0019  0.0019  0.0019  0.0019  0.0019

w2v-pretrained(33)
  mean                 -0.0638 -0.0888 -0.0749 -0.1389 -0.1197 -0.1637
  std. dev.             0.2262  0.2862  0.2926  0.2926   0.282  0.3604
  weight sum                20     886     410     304     342      38
  precision             0.0015  0.0015  0.0015  0.0015  0.0015  0.0015

w2v-pretrained(34)
  mean                 -0.0895  -0.075 -0.1201 -0.1152 -0.0848 -0.0771
  std. dev.             0.3085  0.3024  0.2705  0.2744  0.3122  0.3071
  weight sum                20     886     410     304     342      38
  precision             0.0014  0.0014  0.0014  0.0014  0.0014  0.0014

w2v-pretrained(35)
  mean                 -0.1644  -0.084  -0.024  0.0066  0.0656  0.0982
  std. dev.             0.3286  0.3392  0.3783  0.2961  0.3614  0.3242
  weight sum                20     886     410     304     342      38
  precision             0.0016  0.0016  0.0016  0.0016  0.0016  0.0016

w2v-pretrained(36)
  mean                 -0.0462  0.0004 -0.0345 -0.0166 -0.0088 -0.0643
  std. dev.             0.2252   0.276   0.264  0.2644  0.2625  0.3096
  weight sum                20     886     410     304     342      38
  precision             0.0014  0.0014  0.0014  0.0014  0.0014  0.0014

w2v-pretrained(37)
  mean                  0.0157 -0.0071  0.0826  0.0856  0.0527 -0.0214
  std. dev.             0.1775  0.3022  0.2733  0.2475  0.3005  0.3392
  weight sum                20     886     410     304     342      38
  precision             0.0019  0.0019  0.0019  0.0019  0.0019  0.0019

w2v-pretrained(38)
  mean                  0.1419  0.1403  0.1356  0.0933  0.1115  0.0649
  std. dev.             0.2964  0.3509  0.3302  0.2743  0.2897  0.3116
  weight sum                20     886     410     304     342      38
  precision              0.002   0.002   0.002   0.002   0.002   0.002

w2v-pretrained(39)
  mean                   0.167  0.1681  0.1945  0.1933  0.2118  0.1922
  std. dev.             0.2916  0.2777  0.2472  0.2614  0.2926  0.3219
  weight sum                20     886     410     304     342      38
  precision             0.0017  0.0017  0.0017  0.0017  0.0017  0.0017

w2v-pretrained(40)
  mean                  0.2635  0.1804   0.177  0.1912  0.1609  0.2804
  std. dev.             0.2735  0.3099  0.3185  0.2941  0.3205  0.2703
  weight sum                20     886     410     304     342      38
  precision             0.0018  0.0018  0.0018  0.0018  0.0018  0.0018

w2v-pretrained(41)
  mean                  0.5691  0.5144  0.5363  0.5574  0.5821  0.5486
  std. dev.              0.209  0.3161  0.3247   0.301  0.2972  0.3121
  weight sum                20     886     410     304     342      38
  precision             0.0019  0.0019  0.0019  0.0019  0.0019  0.0019

w2v-pretrained(42)
  mean                 -0.2073 -0.1855  -0.141 -0.1289 -0.2302 -0.2498
  std. dev.             0.2295  0.2745  0.2534  0.2747  0.3219  0.4304
  weight sum                20     886     410     304     342      38
  precision             0.0015  0.0015  0.0015  0.0015  0.0015  0.0015

w2v-pretrained(43)
  mean                  0.6364  0.5561  0.5004  0.5691  0.6956  0.7031
  std. dev.             0.2054  0.3433  0.3251  0.3505  0.3943  0.4625
  weight sum                20     886     410     304     342      38
  precision             0.0017  0.0017  0.0017  0.0017  0.0017  0.0017

w2v-pretrained(44)
  mean                 -0.1299 -0.0893  -0.085 -0.1556 -0.2497 -0.3032
  std. dev.              0.231  0.3231  0.2852  0.2798  0.3706  0.4582
  weight sum                20     886     410     304     342      38
  precision             0.0021  0.0021  0.0021  0.0021  0.0021  0.0021

w2v-pretrained(45)
  mean                 -0.1597  -0.164  -0.231 -0.1892 -0.1786 -0.1415
  std. dev.             0.1914  0.2683   0.281  0.2612  0.2655  0.2535
  weight sum                20     886     410     304     342      38
  precision             0.0013  0.0013  0.0013  0.0013  0.0013  0.0013

w2v-pretrained(46)
  mean                 -0.2599 -0.2594 -0.2337 -0.2295 -0.2549 -0.2319
  std. dev.             0.1938  0.3169  0.2844  0.2741   0.288  0.2619
  weight sum                20     886     410     304     342      38
  precision             0.0017  0.0017  0.0017  0.0017  0.0017  0.0017

w2v-pretrained(47)
  mean                 -0.0661 -0.0891 -0.0872 -0.1285 -0.1367 -0.0825
  std. dev.             0.2136  0.2573  0.2414  0.2873  0.2628  0.2414
  weight sum                20     886     410     304     342      38
  precision             0.0013  0.0013  0.0013  0.0013  0.0013  0.0013

w2v-pretrained(48)
  mean                 -0.1306 -0.0538 -0.0214 -0.0174 -0.0109  0.0458
  std. dev.             0.2496  0.3169  0.2918  0.2911  0.3097   0.388
  weight sum                20     886     410     304     342      38
  precision             0.0016  0.0016  0.0016  0.0016  0.0016  0.0016

w2v-pretrained(49)
  mean                  0.1391  0.0396  0.0208  0.0402  0.0009  0.0654
  std. dev.             0.2014  0.2992  0.2693  0.2893  0.3543  0.3722
  weight sum                20     886     410     304     342      38
  precision             0.0015  0.0015  0.0015  0.0015  0.0015  0.0015

w2v-pretrained(50)
  mean                  0.2115  0.1194  0.0629  0.1019  0.1287  0.1261
  std. dev.             0.2453  0.2993  0.2429  0.2973  0.2987  0.2976
  weight sum                20     886     410     304     342      38
  precision             0.0018  0.0018  0.0018  0.0018  0.0018  0.0018

w2v-pretrained(51)
  mean                  0.0133 -0.0049  0.0173   0.019 -0.0633 -0.0214
  std. dev.             0.2837  0.3295  0.3093   0.347  0.3678  0.3976
  weight sum                20     886     410     304     342      38
  precision             0.0017  0.0017  0.0017  0.0017  0.0017  0.0017

w2v-pretrained(52)
  mean                  0.3847  0.3623  0.3177  0.3166  0.3555  0.3915
  std. dev.             0.2633  0.3326  0.3051  0.2934  0.3293  0.3328
  weight sum                20     886     410     304     342      38
  precision              0.002   0.002   0.002   0.002   0.002   0.002

w2v-pretrained(53)
  mean                 -0.0605 -0.0269 -0.0662 -0.0395  0.0162  0.0379
  std. dev.             0.2395  0.2822  0.2767  0.2486  0.3138   0.248
  weight sum                20     886     410     304     342      38
  precision             0.0018  0.0018  0.0018  0.0018  0.0018  0.0018

w2v-pretrained(54)
  mean                 -0.1011 -0.1402  -0.146 -0.1724 -0.1626 -0.2288
  std. dev.             0.2931  0.3109  0.2901  0.2508  0.3164  0.2926
  weight sum                20     886     410     304     342      38
  precision             0.0017  0.0017  0.0017  0.0017  0.0017  0.0017

w2v-pretrained(55)
  mean                 -0.1167 -0.1123 -0.0592 -0.1299 -0.1725 -0.1643
  std. dev.             0.2193  0.2971   0.291  0.2597  0.3267  0.2612
  weight sum                20     886     410     304     342      38
  precision             0.0015  0.0015  0.0015  0.0015  0.0015  0.0015

w2v-pretrained(56)
  mean                  0.1825  0.2119  0.2238  0.2365  0.1471  0.1179
  std. dev.             0.1958   0.293  0.2823  0.2448  0.3054  0.3156
  weight sum                20     886     410     304     342      38
  precision             0.0016  0.0016  0.0016  0.0016  0.0016  0.0016

w2v-pretrained(57)
  mean                 -0.0999 -0.1875 -0.1735 -0.1446  -0.058 -0.1162
  std. dev.             0.2753  0.2972  0.2788  0.3082   0.351  0.2856
  weight sum                20     886     410     304     342      38
  precision             0.0019  0.0019  0.0019  0.0019  0.0019  0.0019

w2v-pretrained(58)
  mean                 -0.4676 -0.4471 -0.3933 -0.4325 -0.3892 -0.3073
  std. dev.             0.2777  0.3098  0.2862   0.301  0.2912  0.2189
  weight sum                20     886     410     304     342      38
  precision             0.0016  0.0016  0.0016  0.0016  0.0016  0.0016

w2v-pretrained(59)
  mean                  0.1655  0.1332  0.1933  0.1789  0.1849   0.235
  std. dev.             0.1827  0.2602  0.2448  0.2677  0.2647  0.2183
  weight sum                20     886     410     304     342      38
  precision             0.0016  0.0016  0.0016  0.0016  0.0016  0.0016

w2v-pretrained(60)
  mean                 -0.4716 -0.3862 -0.3466   -0.35 -0.3638  -0.396
  std. dev.             0.1971  0.2777  0.2532  0.2581  0.2705  0.3203
  weight sum                20     886     410     304     342      38
  precision             0.0016  0.0016  0.0016  0.0016  0.0016  0.0016

w2v-pretrained(61)
  mean                 -0.2557 -0.2427 -0.2147  -0.168 -0.1336 -0.1859
  std. dev.             0.2751  0.3091  0.2811  0.2714  0.3459  0.2512
  weight sum                20     886     410     304     342      38
  precision             0.0015  0.0015  0.0015  0.0015  0.0015  0.0015

w2v-pretrained(62)
  mean                  0.2887  0.2348  0.2167  0.2454  0.3315  0.2937
  std. dev.             0.1441  0.2953  0.3229  0.2704  0.3472  0.3574
  weight sum                20     886     410     304     342      38
  precision              0.002   0.002   0.002   0.002   0.002   0.002

w2v-pretrained(63)
  mean                 -0.3857 -0.3959 -0.4075 -0.3738 -0.3696 -0.3059
  std. dev.             0.2553   0.315  0.3235  0.2533  0.2931  0.3043
  weight sum                20     886     410     304     342      38
  precision             0.0017  0.0017  0.0017  0.0017  0.0017  0.0017

w2v-pretrained(64)
  mean                 -0.3432 -0.3373 -0.3064  -0.337 -0.3808 -0.4337
  std. dev.              0.247   0.293  0.2972  0.2606  0.2707  0.3258
  weight sum                20     886     410     304     342      38
  precision             0.0018  0.0018  0.0018  0.0018  0.0018  0.0018

w2v-pretrained(65)
  mean                 -0.0581 -0.0663   -0.05 -0.1081 -0.1222 -0.0979
  std. dev.             0.2266  0.2673  0.2589  0.2321  0.2641  0.2707
  weight sum                20     886     410     304     342      38
  precision             0.0015  0.0015  0.0015  0.0015  0.0015  0.0015

w2v-pretrained(66)
  mean                 -0.0957 -0.0997 -0.0923 -0.1286 -0.1137 -0.1295
  std. dev.              0.189  0.3435  0.3059  0.3235  0.2796  0.3171
  weight sum                20     886     410     304     342      38
  precision             0.0018  0.0018  0.0018  0.0018  0.0018  0.0018

w2v-pretrained(67)
  mean                 -0.1018  -0.117 -0.2084 -0.1595 -0.0879 -0.0515
  std. dev.             0.2747  0.2763  0.3267  0.2526    0.26  0.2698
  weight sum                20     886     410     304     342      38
  precision             0.0017  0.0017  0.0017  0.0017  0.0017  0.0017

w2v-pretrained(68)
  mean                  0.1918  0.2792  0.3205  0.3867  0.3768  0.3477
  std. dev.             0.2309  0.3246  0.3217  0.3035  0.3066  0.2897
  weight sum                20     886     410     304     342      38
  precision             0.0015  0.0015  0.0015  0.0015  0.0015  0.0015

w2v-pretrained(69)
  mean                 -0.2184 -0.2015 -0.2268  -0.249  -0.307 -0.2547
  std. dev.              0.274  0.3021  0.3052  0.2852  0.3852  0.4393
  weight sum                20     886     410     304     342      38
  precision              0.002   0.002   0.002   0.002   0.002   0.002

w2v-pretrained(70)
  mean                  0.5627  0.5024  0.4803  0.4582  0.4462  0.5061
  std. dev.             0.2711  0.3353  0.2895  0.3375  0.3205  0.3663
  weight sum                20     886     410     304     342      38
  precision             0.0016  0.0016  0.0016  0.0016  0.0016  0.0016

w2v-pretrained(71)
  mean                  0.1752  0.1594  0.1659  0.1629  0.0838  0.1072
  std. dev.             0.2075  0.2861  0.2496  0.2432  0.3071  0.3515
  weight sum                20     886     410     304     342      38
  precision             0.0015  0.0015  0.0015  0.0015  0.0015  0.0015

w2v-pretrained(72)
  mean                  0.0284  0.0758   0.107  0.1343  0.0694 -0.0383
  std. dev.              0.216  0.2899  0.2487  0.2919  0.2901   0.404
  weight sum                20     886     410     304     342      38
  precision             0.0018  0.0018  0.0018  0.0018  0.0018  0.0018

w2v-pretrained(73)
  mean                  0.2527  0.3697  0.4285  0.3824  0.2943  0.3096
  std. dev.             0.2352  0.2768  0.2944  0.2786  0.3101  0.3741
  weight sum                20     886     410     304     342      38
  precision             0.0018  0.0018  0.0018  0.0018  0.0018  0.0018

w2v-pretrained(74)
  mean                 -0.1022 -0.0822 -0.0147 -0.0157 -0.0514 -0.0651
  std. dev.             0.2695  0.2907  0.2396  0.2683  0.2971  0.2543
  weight sum                20     886     410     304     342      38
  precision             0.0015  0.0015  0.0015  0.0015  0.0015  0.0015

w2v-pretrained(75)
  mean                 -0.5147 -0.4998 -0.5358 -0.5258 -0.5393 -0.5117
  std. dev.             0.2093  0.2848  0.2877  0.2695  0.3127  0.3076
  weight sum                20     886     410     304     342      38
  precision             0.0014  0.0014  0.0014  0.0014  0.0014  0.0014

w2v-pretrained(76)
  mean                 -0.3098 -0.3425 -0.3574 -0.3447 -0.2202 -0.2297
  std. dev.             0.2544  0.3086   0.306  0.3235  0.3819  0.4367
  weight sum                20     886     410     304     342      38
  precision             0.0017  0.0017  0.0017  0.0017  0.0017  0.0017

w2v-pretrained(77)
  mean                  0.3892  0.3672  0.3699  0.4044  0.4073  0.3614
  std. dev.             0.2324  0.2746  0.2327  0.2342  0.2838  0.3004
  weight sum                20     886     410     304     342      38
  precision             0.0013  0.0013  0.0013  0.0013  0.0013  0.0013

w2v-pretrained(78)
  mean                  0.2984  0.3171  0.3615  0.3809  0.3618  0.3556
  std. dev.             0.2245  0.2828  0.2976  0.2696  0.2871  0.2327
  weight sum                20     886     410     304     342      38
  precision             0.0014  0.0014  0.0014  0.0014  0.0014  0.0014

w2v-pretrained(79)
  mean                  0.0901  0.0629   0.127  0.1338  0.1225   0.123
  std. dev.             0.1613   0.264  0.2586   0.257  0.2947  0.3051
  weight sum                20     886     410     304     342      38
  precision             0.0016  0.0016  0.0016  0.0016  0.0016  0.0016

w2v-pretrained(80)
  mean                  0.3418  0.3326  0.3893  0.4451   0.462  0.5421
  std. dev.             0.2141   0.353  0.3357  0.3613  0.3337  0.3143
  weight sum                20     886     410     304     342      38
  precision             0.0022  0.0022  0.0022  0.0022  0.0022  0.0022

w2v-pretrained(81)
  mean                  0.1053  0.1105  0.1294  0.0991  0.0588  0.0834
  std. dev.             0.2635  0.2792  0.2548  0.2534  0.3318  0.2771
  weight sum                20     886     410     304     342      38
  precision             0.0016  0.0016  0.0016  0.0016  0.0016  0.0016

w2v-pretrained(82)
  mean                 -0.2352 -0.1689 -0.1202 -0.1517 -0.1696 -0.2605
  std. dev.             0.2897   0.299  0.3138  0.2302  0.3059  0.2467
  weight sum                20     886     410     304     342      38
  precision              0.002   0.002   0.002   0.002   0.002   0.002

w2v-pretrained(83)
  mean                  0.2039   0.178  0.1919  0.1742  0.2167  0.2172
  std. dev.             0.1645  0.2691  0.2638  0.2713  0.2942  0.3452
  weight sum                20     886     410     304     342      38
  precision             0.0017  0.0017  0.0017  0.0017  0.0017  0.0017

w2v-pretrained(84)
  mean                  0.0056  0.0226  0.0697  0.0061 -0.0126 -0.0418
  std. dev.             0.1519  0.2758   0.271  0.2588  0.2733  0.2426
  weight sum                20     886     410     304     342      38
  precision             0.0013  0.0013  0.0013  0.0013  0.0013  0.0013

w2v-pretrained(85)
  mean                  0.0857  0.0592  0.0117 -0.0198     0.1  0.1104
  std. dev.             0.3034  0.3528  0.3951   0.354  0.4171  0.4003
  weight sum                20     886     410     304     342      38
  precision             0.0024  0.0024  0.0024  0.0024  0.0024  0.0024

w2v-pretrained(86)
  mean                 -0.1164 -0.1449 -0.1904 -0.1908 -0.3198 -0.3805
  std. dev.             0.2058   0.305  0.2808  0.2775  0.3853  0.4568
  weight sum                20     886     410     304     342      38
  precision             0.0019  0.0019  0.0019  0.0019  0.0019  0.0019

w2v-pretrained(87)
  mean                 -0.3249 -0.3843 -0.4166 -0.3517 -0.3655 -0.3757
  std. dev.             0.2064  0.2708  0.2465  0.2563  0.2801   0.297
  weight sum                20     886     410     304     342      38
  precision             0.0017  0.0017  0.0017  0.0017  0.0017  0.0017

w2v-pretrained(88)
  mean                  0.4792  0.4514  0.5043  0.5073  0.5104  0.4795
  std. dev.             0.2742  0.3033  0.2726   0.319   0.345  0.3868
  weight sum                20     886     410     304     342      38
  precision             0.0015  0.0015  0.0015  0.0015  0.0015  0.0015

w2v-pretrained(89)
  mean                  0.1122  0.1326  0.1055   0.123  0.1203  0.0533
  std. dev.             0.1966  0.3341  0.3156  0.2974  0.3683  0.2866
  weight sum                20     886     410     304     342      38
  precision             0.0016  0.0016  0.0016  0.0016  0.0016  0.0016

w2v-pretrained(90)
  mean                  0.1497  0.1513  0.1471  0.0903  0.0076 -0.0303
  std. dev.             0.2251   0.266  0.2443  0.2524    0.29  0.3545
  weight sum                20     886     410     304     342      38
  precision             0.0014  0.0014  0.0014  0.0014  0.0014  0.0014

w2v-pretrained(91)
  mean                  0.1281  0.1436  0.1957  0.1708  0.1541  0.1735
  std. dev.             0.2142  0.3041   0.296  0.2871  0.2865  0.2655
  weight sum                20     886     410     304     342      38
  precision             0.0016  0.0016  0.0016  0.0016  0.0016  0.0016

w2v-pretrained(92)
  mean                  0.0771  0.0314  0.0185  0.0374  0.0458  0.1108
  std. dev.             0.3577  0.3258  0.3112  0.2733  0.3293  0.3181
  weight sum                20     886     410     304     342      38
  precision             0.0018  0.0018  0.0018  0.0018  0.0018  0.0018

w2v-pretrained(93)
  mean                  -0.425 -0.3537 -0.3637 -0.3405 -0.2874 -0.3143
  std. dev.             0.2322  0.2596  0.2487  0.2755  0.2868  0.3256
  weight sum                20     886     410     304     342      38
  precision             0.0013  0.0013  0.0013  0.0013  0.0013  0.0013

w2v-pretrained(94)
  mean                  -0.202 -0.2082 -0.2667 -0.2862 -0.2637 -0.1811
  std. dev.             0.2791  0.3226  0.2941  0.3056  0.2924  0.3204
  weight sum                20     886     410     304     342      38
  precision             0.0018  0.0018  0.0018  0.0018  0.0018  0.0018

w2v-pretrained(95)
  mean                  0.0102  0.0543  0.0906  0.0896  0.0317 -0.0266
  std. dev.             0.2604  0.2708  0.2704  0.2644  0.2762   0.328
  weight sum                20     886     410     304     342      38
  precision             0.0013  0.0013  0.0013  0.0013  0.0013  0.0013

w2v-pretrained(96)
  mean                 -0.3429 -0.3121 -0.3494 -0.3583 -0.4077  -0.494
  std. dev.             0.2343  0.3283  0.2918   0.288  0.3603  0.3379
  weight sum                20     886     410     304     342      38
  precision             0.0019  0.0019  0.0019  0.0019  0.0019  0.0019

w2v-pretrained(97)
  mean                  0.0414  0.0523  0.0931  0.1147  0.0955  0.0635
  std. dev.             0.1435  0.2809   0.265  0.2633  0.3161  0.2818
  weight sum                20     886     410     304     342      38
  precision             0.0016  0.0016  0.0016  0.0016  0.0016  0.0016

w2v-pretrained(98)
  mean                  0.1154  0.0641  0.1598  0.1655  0.1758  0.2295
  std. dev.             0.3047   0.298  0.3112  0.3073  0.3046  0.3365
  weight sum                20     886     410     304     342      38
  precision             0.0013  0.0013  0.0013  0.0013  0.0013  0.0013

w2v-pretrained(99)
  mean                  0.0405  0.0008  0.0149  0.0012 -0.0254 -0.0504
  std. dev.             0.1909  0.3319  0.3235  0.3079  0.3222  0.3529
  weight sum                20     886     410     304     342      38
  precision             0.0018  0.0018  0.0018  0.0018  0.0018  0.0018

w2v-pretrained(100)
  mean                 -0.0797 -0.0075 -0.0041 -0.0174 -0.0712 -0.0987
  std. dev.             0.2539  0.2608  0.2907  0.2555  0.3016  0.3007
  weight sum                20     886     410     304     342      38
  precision             0.0015  0.0015  0.0015  0.0015  0.0015  0.0015

w2v-pretrained(101)
  mean                 -0.1827 -0.1488 -0.1154 -0.1058 -0.0756 -0.0852
  std. dev.             0.2017  0.2496  0.2509   0.237  0.3015  0.2454
  weight sum                20     886     410     304     342      38
  precision             0.0014  0.0014  0.0014  0.0014  0.0014  0.0014

w2v-pretrained(102)
  mean                 -0.2574 -0.1887 -0.2115 -0.1665 -0.1596 -0.1058
  std. dev.             0.2235  0.2923  0.2721  0.2548  0.3042  0.3115
  weight sum                20     886     410     304     342      38
  precision             0.0016  0.0016  0.0016  0.0016  0.0016  0.0016

w2v-pretrained(103)
  mean                  0.0861   0.024  0.0638  0.0557  0.1245  0.1173
  std. dev.             0.2686  0.2606  0.2407  0.2341  0.2835  0.2227
  weight sum                20     886     410     304     342      38
  precision             0.0014  0.0014  0.0014  0.0014  0.0014  0.0014

w2v-pretrained(104)
  mean                 -0.1094 -0.0127  0.0275  0.0601  0.0675  0.0507
  std. dev.             0.2373  0.2558  0.2483  0.2626  0.2882  0.2553
  weight sum                20     886     410     304     342      38
  precision             0.0016  0.0016  0.0016  0.0016  0.0016  0.0016

w2v-pretrained(105)
  mean                 -0.2474 -0.2176 -0.1993 -0.2383 -0.2126  -0.143
  std. dev.             0.2049  0.2901  0.2807  0.2632  0.3183  0.2982
  weight sum                20     886     410     304     342      38
  precision             0.0018  0.0018  0.0018  0.0018  0.0018  0.0018

w2v-pretrained(106)
  mean                 -0.2221 -0.1684 -0.1677 -0.1599 -0.1434 -0.1053
  std. dev.             0.2261  0.3092  0.2924  0.2765  0.3195  0.4155
  weight sum                20     886     410     304     342      38
  precision             0.0022  0.0022  0.0022  0.0022  0.0022  0.0022

w2v-pretrained(107)
  mean                 -0.0815 -0.1139 -0.1268 -0.1447 -0.0775   0.045
  std. dev.             0.3079   0.292  0.2546    0.25  0.2804  0.3608
  weight sum                20     886     410     304     342      38
  precision             0.0015  0.0015  0.0015  0.0015  0.0015  0.0015

w2v-pretrained(108)
  mean                 -0.2269 -0.2089 -0.2293 -0.2813 -0.3316 -0.3543
  std. dev.             0.2761  0.3302   0.257  0.3367  0.2962  0.2927
  weight sum                20     886     410     304     342      38
  precision              0.002   0.002   0.002   0.002   0.002   0.002

w2v-pretrained(109)
  mean                  0.1502  0.1044  0.1358  0.1519  0.1165  0.0799
  std. dev.             0.1832  0.2616  0.2532  0.2468  0.2678   0.307
  weight sum                20     886     410     304     342      38
  precision             0.0015  0.0015  0.0015  0.0015  0.0015  0.0015

w2v-pretrained(110)
  mean                 -0.1966 -0.1345 -0.1543 -0.1904 -0.1714 -0.1642
  std. dev.             0.2404  0.2788  0.2677  0.2616     0.3  0.2661
  weight sum                20     886     410     304     342      38
  precision             0.0013  0.0013  0.0013  0.0013  0.0013  0.0013

w2v-pretrained(111)
  mean                 -0.0974  -0.082 -0.1467 -0.1151 -0.1235 -0.0534
  std. dev.             0.2673  0.3027  0.3223  0.2814  0.3088  0.2816
  weight sum                20     886     410     304     342      38
  precision             0.0016  0.0016  0.0016  0.0016  0.0016  0.0016

w2v-pretrained(112)
  mean                 -0.0877  -0.034  0.0138 -0.0395 -0.0487 -0.0541
  std. dev.             0.3013  0.3105  0.2782   0.303  0.2939  0.3821
  weight sum                20     886     410     304     342      38
  precision             0.0017  0.0017  0.0017  0.0017  0.0017  0.0017

w2v-pretrained(113)
  mean                 -0.0145 -0.0885 -0.1128 -0.1079 -0.1352 -0.1048
  std. dev.             0.2747  0.3156  0.2682  0.2912  0.3025  0.3266
  weight sum                20     886     410     304     342      38
  precision             0.0015  0.0015  0.0015  0.0015  0.0015  0.0015

w2v-pretrained(114)
  mean                 -0.0926 -0.0661 -0.0461 -0.0396 -0.0766 -0.0797
  std. dev.             0.2842  0.2882  0.3028  0.2835  0.2796  0.2938
  weight sum                20     886     410     304     342      38
  precision             0.0015  0.0015  0.0015  0.0015  0.0015  0.0015

w2v-pretrained(115)
  mean                  0.3946  0.3442  0.3772  0.4207  0.4757  0.5782
  std. dev.             0.2274  0.2974  0.2647  0.2734  0.3403  0.4823
  weight sum                20     886     410     304     342      38
  precision             0.0021  0.0021  0.0021  0.0021  0.0021  0.0021

w2v-pretrained(116)
  mean                 -0.0277  0.0528  0.0165  0.0017 -0.0838 -0.0319
  std. dev.             0.2104  0.2863  0.2672  0.2648  0.3035   0.291
  weight sum                20     886     410     304     342      38
  precision             0.0016  0.0016  0.0016  0.0016  0.0016  0.0016

w2v-pretrained(117)
  mean                  0.2472  0.2475  0.2223  0.2965   0.227  0.2331
  std. dev.             0.2423  0.2639  0.2335  0.2598  0.2657  0.3457
  weight sum                20     886     410     304     342      38
  precision             0.0013  0.0013  0.0013  0.0013  0.0013  0.0013

w2v-pretrained(118)
  mean                 -0.1457 -0.1546 -0.1797 -0.1557 -0.0545  0.0126
  std. dev.             0.3129  0.3173  0.2798  0.2694  0.3063  0.3447
  weight sum                20     886     410     304     342      38
  precision             0.0019  0.0019  0.0019  0.0019  0.0019  0.0019

w2v-pretrained(119)
  mean                  0.2729   0.337  0.3844  0.3261  0.2715  0.3051
  std. dev.             0.2222  0.2864  0.2993   0.229  0.2769  0.3184
  weight sum                20     886     410     304     342      38
  precision             0.0018  0.0018  0.0018  0.0018  0.0018  0.0018

w2v-pretrained(120)
  mean                  0.3449  0.3292  0.2914  0.3286  0.3944   0.491
  std. dev.             0.2697  0.3196   0.287  0.2889  0.3792  0.3943
  weight sum                20     886     410     304     342      38
  precision             0.0019  0.0019  0.0019  0.0019  0.0019  0.0019

w2v-pretrained(121)
  mean                 -0.1655 -0.2019 -0.2484 -0.2921 -0.4095 -0.4113
  std. dev.             0.2362  0.3505  0.3687  0.3115   0.421  0.3956
  weight sum                20     886     410     304     342      38
  precision             0.0025  0.0025  0.0025  0.0025  0.0025  0.0025

w2v-pretrained(122)
  mean                 -0.0748 -0.0535 -0.0305 -0.0332 -0.0144 -0.0699
  std. dev.             0.2351  0.2917  0.2576  0.2688  0.2598  0.2465
  weight sum                20     886     410     304     342      38
  precision             0.0013  0.0013  0.0013  0.0013  0.0013  0.0013

w2v-pretrained(123)
  mean                 -0.1795  -0.201 -0.2628 -0.2029 -0.1985 -0.1164
  std. dev.             0.2158  0.2735  0.2852  0.2616  0.2772  0.3957
  weight sum                20     886     410     304     342      38
  precision             0.0014  0.0014  0.0014  0.0014  0.0014  0.0014

w2v-pretrained(124)
  mean                  0.1488  0.1861  0.2557   0.263  0.3215  0.2522
  std. dev.             0.2875  0.3219  0.2777  0.2929  0.3458  0.3046
  weight sum                20     886     410     304     342      38
  precision             0.0019  0.0019  0.0019  0.0019  0.0019  0.0019

w2v-pretrained(125)
  mean                 -0.1723 -0.1724 -0.2203 -0.2291 -0.3081 -0.3218
  std. dev.             0.2391  0.3556  0.2863  0.3212  0.3773  0.2933
  weight sum                20     886     410     304     342      38
  precision             0.0022  0.0022  0.0022  0.0022  0.0022  0.0022

w2v-pretrained(126)
  mean                 -0.1224 -0.1631 -0.1318 -0.1726 -0.1991 -0.1844
  std. dev.             0.2181  0.2866  0.3001  0.2893  0.2869  0.2569
  weight sum                20     886     410     304     342      38
  precision             0.0015  0.0015  0.0015  0.0015  0.0015  0.0015

w2v-pretrained(127)
  mean                 -0.0768 -0.0911 -0.1017 -0.1119 -0.1227 -0.1103
  std. dev.             0.3019  0.3194  0.2783  0.2844  0.2895  0.3238
  weight sum                20     886     410     304     342      38
  precision             0.0017  0.0017  0.0017  0.0017  0.0017  0.0017

w2v-pretrained(128)
  mean                 -0.1614 -0.1362   -0.11  -0.153 -0.2298 -0.2836
  std. dev.             0.2893  0.3222  0.3089  0.2639  0.3049  0.2695
  weight sum                20     886     410     304     342      38
  precision             0.0016  0.0016  0.0016  0.0016  0.0016  0.0016

w2v-pretrained(129)
  mean                  0.1394  0.1201  0.0734   0.069   0.114  0.2602
  std. dev.             0.1866  0.2669  0.2582   0.246  0.3065  0.3693
  weight sum                20     886     410     304     342      38
  precision             0.0014  0.0014  0.0014  0.0014  0.0014  0.0014

w2v-pretrained(130)
  mean                   0.182  0.1493  0.1187  0.1076  0.1189  0.1766
  std. dev.             0.1857  0.2879  0.2888  0.2581  0.3168  0.4585
  weight sum                20     886     410     304     342      38
  precision             0.0015  0.0015  0.0015  0.0015  0.0015  0.0015

w2v-pretrained(131)
  mean                  0.0555  0.0996 -0.0031  -0.013  -0.089 -0.0527
  std. dev.              0.271  0.3797  0.3761  0.3801  0.4059  0.4047
  weight sum                20     886     410     304     342      38
  precision             0.0018  0.0018  0.0018  0.0018  0.0018  0.0018

w2v-pretrained(132)
  mean                 -0.2562 -0.2849 -0.3768 -0.3371 -0.3155 -0.3122
  std. dev.             0.3724  0.3002  0.3302  0.2769  0.3031  0.3349
  weight sum                20     886     410     304     342      38
  precision             0.0015  0.0015  0.0015  0.0015  0.0015  0.0015

w2v-pretrained(133)
  mean                 -0.2467 -0.2077 -0.2368 -0.1744 -0.2558 -0.2126
  std. dev.             0.2421  0.2893   0.251  0.3022  0.3376  0.4128
  weight sum                20     886     410     304     342      38
  precision             0.0018  0.0018  0.0018  0.0018  0.0018  0.0018

w2v-pretrained(134)
  mean                  0.0627  0.0017  0.0002 -0.0281 -0.0245 -0.0747
  std. dev.             0.2546  0.2884    0.26  0.2723  0.2808  0.3533
  weight sum                20     886     410     304     342      38
  precision             0.0017  0.0017  0.0017  0.0017  0.0017  0.0017

w2v-pretrained(135)
  mean                  0.0015  -0.025 -0.0009 -0.0385 -0.0585 -0.1144
  std. dev.              0.241   0.308  0.3089  0.3456  0.2983  0.3879
  weight sum                20     886     410     304     342      38
  precision             0.0016  0.0016  0.0016  0.0016  0.0016  0.0016

w2v-pretrained(136)
  mean                 -0.1812 -0.2311 -0.2398 -0.3119 -0.3942 -0.4407
  std. dev.             0.2052  0.3017  0.3603  0.2994  0.3504  0.3734
  weight sum                20     886     410     304     342      38
  precision              0.002   0.002   0.002   0.002   0.002   0.002

w2v-pretrained(137)
  mean                  0.0234  0.0246  0.0631  0.0699   0.058  0.0459
  std. dev.             0.1877  0.3148  0.3114  0.2404  0.3158  0.2439
  weight sum                20     886     410     304     342      38
  precision             0.0021  0.0021  0.0021  0.0021  0.0021  0.0021

w2v-pretrained(138)
  mean                  0.0843  0.0971  0.0856  0.0987  0.1598  0.1936
  std. dev.              0.282  0.2967  0.2508  0.2672   0.322  0.3393
  weight sum                20     886     410     304     342      38
  precision             0.0023  0.0023  0.0023  0.0023  0.0023  0.0023

w2v-pretrained(139)
  mean                 -0.1596 -0.0919 -0.0544 -0.0598 -0.2184 -0.3246
  std. dev.             0.2875  0.3749  0.3344  0.3363  0.4559  0.5156
  weight sum                20     886     410     304     342      38
  precision             0.0022  0.0022  0.0022  0.0022  0.0022  0.0022

w2v-pretrained(140)
  mean                  0.4923  0.4155  0.4262   0.393  0.4612  0.3862
  std. dev.             0.2292  0.3262  0.2994  0.2825  0.3733  0.3733
  weight sum                20     886     410     304     342      38
  precision             0.0019  0.0019  0.0019  0.0019  0.0019  0.0019

w2v-pretrained(141)
  mean                  0.3042  0.3024  0.2987   0.287  0.2494  0.1924
  std. dev.             0.2195  0.3144  0.3052  0.2851  0.2963  0.3606
  weight sum                20     886     410     304     342      38
  precision             0.0013  0.0013  0.0013  0.0013  0.0013  0.0013

w2v-pretrained(142)
  mean                 -0.4728 -0.4042 -0.3459 -0.4042  -0.418 -0.4576
  std. dev.             0.2783  0.3178  0.2994  0.2836  0.3385   0.347
  weight sum                20     886     410     304     342      38
  precision             0.0015  0.0015  0.0015  0.0015  0.0015  0.0015

w2v-pretrained(143)
  mean                  0.1173  0.0963  0.1219  0.1136  0.1075  0.0712
  std. dev.             0.2425  0.2872  0.2699  0.2362  0.2978  0.2492
  weight sum                20     886     410     304     342      38
  precision             0.0018  0.0018  0.0018  0.0018  0.0018  0.0018

w2v-pretrained(144)
  mean                    0.05  0.0287  0.0412  0.0461  0.0672  0.0255
  std. dev.              0.231  0.2771  0.3115  0.2888  0.3131  0.3647
  weight sum                20     886     410     304     342      38
  precision             0.0014  0.0014  0.0014  0.0014  0.0014  0.0014

w2v-pretrained(145)
  mean                 -0.0011 -0.0586 -0.0028  0.0142 -0.0416  0.0379
  std. dev.             0.3177  0.3307  0.3313  0.3087    0.29  0.2877
  weight sum                20     886     410     304     342      38
  precision             0.0015  0.0015  0.0015  0.0015  0.0015  0.0015

w2v-pretrained(146)
  mean                  0.1501  0.0555  0.0459  0.0519  0.0368  0.1404
  std. dev.             0.3066  0.3016  0.2713    0.23  0.3089  0.3403
  weight sum                20     886     410     304     342      38
  precision             0.0018  0.0018  0.0018  0.0018  0.0018  0.0018

w2v-pretrained(147)
  mean                 -0.2445 -0.2346 -0.2215 -0.2685  -0.312 -0.2351
  std. dev.             0.2626  0.3027  0.2856  0.2544  0.2614  0.2732
  weight sum                20     886     410     304     342      38
  precision             0.0015  0.0015  0.0015  0.0015  0.0015  0.0015

w2v-pretrained(148)
  mean                 -0.2258   -0.19 -0.2284 -0.2486 -0.1301 -0.2118
  std. dev.             0.3381  0.3309  0.2945  0.3013  0.3757  0.3887
  weight sum                20     886     410     304     342      38
  precision             0.0016  0.0016  0.0016  0.0016  0.0016  0.0016

w2v-pretrained(149)
  mean                  -0.413 -0.3084 -0.2848 -0.2499 -0.3372 -0.4232
  std. dev.             0.2458  0.3091   0.293  0.2962  0.2955  0.3625
  weight sum                20     886     410     304     342      38
  precision             0.0015  0.0015  0.0015  0.0015  0.0015  0.0015

w2v-pretrained(150)
  mean                 -0.0918 -0.0201 -0.0597  -0.028  0.0193 -0.0027
  std. dev.             0.2382  0.2942  0.2772  0.3088  0.3038  0.3109
  weight sum                20     886     410     304     342      38
  precision             0.0018  0.0018  0.0018  0.0018  0.0018  0.0018

w2v-pretrained(151)
  mean                  0.3076  0.2812  0.2567   0.238  0.2741   0.317
  std. dev.             0.2459  0.2863   0.319  0.2794  0.2741  0.3406
  weight sum                20     886     410     304     342      38
  precision             0.0016  0.0016  0.0016  0.0016  0.0016  0.0016

w2v-pretrained(152)
  mean                  0.0501  0.0196  0.0627  0.0518  0.0771  0.2318
  std. dev.             0.2623  0.3798   0.362  0.3358  0.3577  0.3312
  weight sum                20     886     410     304     342      38
  precision             0.0021  0.0021  0.0021  0.0021  0.0021  0.0021

w2v-pretrained(153)
  mean                 -0.4261 -0.3853 -0.4271 -0.3914 -0.4068 -0.3568
  std. dev.             0.2147   0.261  0.2472  0.2542  0.2694  0.2496
  weight sum                20     886     410     304     342      38
  precision             0.0012  0.0012  0.0012  0.0012  0.0012  0.0012

w2v-pretrained(154)
  mean                  0.2402  0.1913  0.1749  0.2248  0.2622  0.2556
  std. dev.             0.2217  0.2991  0.2802  0.2834  0.3265  0.2707
  weight sum                20     886     410     304     342      38
  precision             0.0016  0.0016  0.0016  0.0016  0.0016  0.0016

w2v-pretrained(155)
  mean                 -0.1502 -0.1233 -0.1284 -0.0746 -0.0864 -0.1077
  std. dev.             0.2486  0.2556  0.2439  0.2319  0.2407  0.3664
  weight sum                20     886     410     304     342      38
  precision             0.0014  0.0014  0.0014  0.0014  0.0014  0.0014

w2v-pretrained(156)
  mean                 -0.1836  -0.143 -0.2021 -0.1196 -0.0846 -0.0078
  std. dev.             0.2284  0.2798  0.3149  0.2746  0.3172  0.3038
  weight sum                20     886     410     304     342      38
  precision             0.0018  0.0018  0.0018  0.0018  0.0018  0.0018

w2v-pretrained(157)
  mean                 -0.1321 -0.1349  -0.134 -0.1584 -0.2131 -0.2551
  std. dev.             0.1386   0.272  0.2489  0.2412  0.2867  0.2903
  weight sum                20     886     410     304     342      38
  precision             0.0015  0.0015  0.0015  0.0015  0.0015  0.0015

w2v-pretrained(158)
  mean                 -0.3222 -0.2457 -0.2877 -0.3255 -0.3697 -0.3609
  std. dev.             0.2771  0.3653  0.3167  0.3831  0.3899  0.2259
  weight sum                20     886     410     304     342      38
  precision              0.002   0.002   0.002   0.002   0.002   0.002

w2v-pretrained(159)
  mean                 -0.3012  -0.249 -0.2504 -0.2976 -0.2939 -0.2922
  std. dev.             0.2242  0.2937  0.2933  0.2801  0.2988  0.3258
  weight sum                20     886     410     304     342      38
  precision             0.0016  0.0016  0.0016  0.0016  0.0016  0.0016

w2v-pretrained(160)
  mean                 -0.1068 -0.0877 -0.0875 -0.0813 -0.0931 -0.1392
  std. dev.              0.144  0.2781  0.3146   0.252  0.2984  0.3478
  weight sum                20     886     410     304     342      38
  precision             0.0016  0.0016  0.0016  0.0016  0.0016  0.0016

w2v-pretrained(161)
  mean                 -0.1236 -0.0858 -0.0086 -0.0508 -0.1146 -0.1174
  std. dev.             0.1557  0.2774   0.238   0.259   0.275  0.2758
  weight sum                20     886     410     304     342      38
  precision             0.0017  0.0017  0.0017  0.0017  0.0017  0.0017

w2v-pretrained(162)
  mean                  0.2591  0.2619  0.3357  0.2699  0.2556  0.1867
  std. dev.              0.259  0.2841  0.2929  0.2752  0.2781  0.3667
  weight sum                20     886     410     304     342      38
  precision             0.0015  0.0015  0.0015  0.0015  0.0015  0.0015

w2v-pretrained(163)
  mean                  0.2928   0.206  0.1775  0.1992  0.3233  0.3818
  std. dev.             0.2122  0.2887  0.2662  0.2308   0.382  0.3353
  weight sum                20     886     410     304     342      38
  precision             0.0018  0.0018  0.0018  0.0018  0.0018  0.0018

w2v-pretrained(164)
  mean                 -0.1405 -0.1906  -0.079 -0.1456 -0.1642 -0.1526
  std. dev.             0.3263  0.3326  0.3258  0.3112  0.3624  0.3181
  weight sum                20     886     410     304     342      38
  precision             0.0018  0.0018  0.0018  0.0018  0.0018  0.0018

w2v-pretrained(165)
  mean                  0.1215  0.0159  0.0742  0.0579 -0.0549 -0.0984
  std. dev.             0.2462   0.288  0.3021  0.2609  0.4012  0.3423
  weight sum                20     886     410     304     342      38
  precision              0.002   0.002   0.002   0.002   0.002   0.002

w2v-pretrained(166)
  mean                 -0.3519 -0.2743 -0.2795 -0.3009 -0.3321 -0.2688
  std. dev.             0.3399  0.2973  0.3044  0.2844  0.3164  0.4146
  weight sum                20     886     410     304     342      38
  precision             0.0016  0.0016  0.0016  0.0016  0.0016  0.0016

w2v-pretrained(167)
  mean                  0.3801  0.3337  0.3058  0.3358  0.3815  0.3767
  std. dev.             0.2139  0.3309  0.3329  0.2626  0.3505  0.3279
  weight sum                20     886     410     304     342      38
  precision             0.0018  0.0018  0.0018  0.0018  0.0018  0.0018

w2v-pretrained(168)
  mean                 -0.1659 -0.2119 -0.1984 -0.1438 -0.2233  -0.321
  std. dev.             0.2716  0.3062  0.2509  0.2195  0.2837   0.307
  weight sum                20     886     410     304     342      38
  precision             0.0016  0.0016  0.0016  0.0016  0.0016  0.0016

w2v-pretrained(169)
  mean                 -0.0888 -0.0505  0.0003  0.0082  0.0718  0.0385
  std. dev.             0.1983  0.3016  0.2882  0.2852  0.3275  0.4826
  weight sum                20     886     410     304     342      38
  precision              0.002   0.002   0.002   0.002   0.002   0.002

w2v-pretrained(170)
  mean                  0.0704  0.0092  -0.031 -0.0881  -0.094 -0.0962
  std. dev.              0.226  0.2961  0.2732  0.2669  0.2813  0.2907
  weight sum                20     886     410     304     342      38
  precision             0.0013  0.0013  0.0013  0.0013  0.0013  0.0013

w2v-pretrained(171)
  mean                 -0.5038 -0.4917 -0.4614  -0.482 -0.4238 -0.4314
  std. dev.              0.277  0.2969   0.267    0.26  0.3635  0.5047
  weight sum                20     886     410     304     342      38
  precision             0.0021  0.0021  0.0021  0.0021  0.0021  0.0021

w2v-pretrained(172)
  mean                 -0.1874 -0.1718 -0.1645 -0.1862 -0.1787 -0.1977
  std. dev.             0.2023  0.2825  0.2623  0.2651  0.2486  0.3063
  weight sum                20     886     410     304     342      38
  precision             0.0019  0.0019  0.0019  0.0019  0.0019  0.0019

w2v-pretrained(173)
  mean                 -0.0953 -0.1108 -0.1419 -0.2072 -0.2671  -0.309
  std. dev.             0.2247  0.2812  0.2815  0.2656  0.3333  0.4083
  weight sum                20     886     410     304     342      38
  precision             0.0021  0.0021  0.0021  0.0021  0.0021  0.0021

w2v-pretrained(174)
  mean                 -0.2605 -0.2468 -0.2534 -0.2837  -0.281  -0.284
  std. dev.             0.2735  0.2896  0.2795  0.2898  0.3004  0.3017
  weight sum                20     886     410     304     342      38
  precision             0.0016  0.0016  0.0016  0.0016  0.0016  0.0016

w2v-pretrained(175)
  mean                 -0.0923 -0.0247 -0.0164 -0.0195 -0.0552  -0.131
  std. dev.             0.1879  0.2833  0.2548  0.2865  0.3089  0.2986
  weight sum                20     886     410     304     342      38
  precision             0.0014  0.0014  0.0014  0.0014  0.0014  0.0014

w2v-pretrained(176)
  mean                 -0.0396 -0.0044 -0.0519 -0.0475 -0.0627 -0.1341
  std. dev.             0.2344  0.3075  0.2804  0.3004  0.3043  0.2866
  weight sum                20     886     410     304     342      38
  precision              0.002   0.002   0.002   0.002   0.002   0.002

w2v-pretrained(177)
  mean                   0.403  0.3908   0.385  0.3595  0.4056  0.4443
  std. dev.             0.2189  0.3041   0.318  0.2658  0.3028  0.3551
  weight sum                20     886     410     304     342      38
  precision             0.0017  0.0017  0.0017  0.0017  0.0017  0.0017

w2v-pretrained(178)
  mean                 -0.4224 -0.4068 -0.4194 -0.3953 -0.3806 -0.2931
  std. dev.             0.2133  0.3108  0.2862  0.3423  0.3191  0.2552
  weight sum                20     886     410     304     342      38
  precision             0.0016  0.0016  0.0016  0.0016  0.0016  0.0016

w2v-pretrained(179)
  mean                 -0.0371 -0.0097 -0.0168 -0.0306  0.0723  0.1122
  std. dev.             0.2379  0.3058  0.2624  0.2829   0.421  0.5169
  weight sum                20     886     410     304     342      38
  precision             0.0022  0.0022  0.0022  0.0022  0.0022  0.0022

w2v-pretrained(180)
  mean                 -0.0669  0.0036 -0.0099  0.0359  0.0652  0.1661
  std. dev.             0.2055  0.2999  0.2992  0.3079  0.2986   0.378
  weight sum                20     886     410     304     342      38
  precision             0.0017  0.0017  0.0017  0.0017  0.0017  0.0017

w2v-pretrained(181)
  mean                 -0.4028 -0.3854 -0.3904 -0.4211 -0.3977 -0.3864
  std. dev.             0.2423  0.2837  0.2671  0.2736  0.2964  0.3028
  weight sum                20     886     410     304     342      38
  precision             0.0013  0.0013  0.0013  0.0013  0.0013  0.0013

w2v-pretrained(182)
  mean                 -0.3426 -0.3185 -0.3166 -0.3464 -0.3742 -0.4073
  std. dev.              0.218  0.2588  0.2504  0.2526  0.2563  0.2881
  weight sum                20     886     410     304     342      38
  precision             0.0012  0.0012  0.0012  0.0012  0.0012  0.0012

w2v-pretrained(183)
  mean                  0.0448  0.0189  0.0324  0.0238  0.0367  0.1455
  std. dev.             0.2866  0.2782    0.29   0.255  0.3014  0.3454
  weight sum                20     886     410     304     342      38
  precision             0.0017  0.0017  0.0017  0.0017  0.0017  0.0017

w2v-pretrained(184)
  mean                  0.0581  0.0223  0.0384  0.1326  0.1578   0.175
  std. dev.             0.2526   0.289  0.2928  0.2824  0.3145  0.2507
  weight sum                20     886     410     304     342      38
  precision             0.0016  0.0016  0.0016  0.0016  0.0016  0.0016

w2v-pretrained(185)
  mean                 -0.0682  -0.138 -0.1299  -0.119 -0.1822 -0.3198
  std. dev.             0.2625  0.3122  0.3003  0.2976  0.3426  0.3644
  weight sum                20     886     410     304     342      38
  precision             0.0015  0.0015  0.0015  0.0015  0.0015  0.0015

w2v-pretrained(186)
  mean                  0.0203 -0.1101 -0.1252 -0.1472 -0.0456 -0.0283
  std. dev.             0.2074  0.3043  0.2697  0.2659  0.3357   0.388
  weight sum                20     886     410     304     342      38
  precision             0.0019  0.0019  0.0019  0.0019  0.0019  0.0019

w2v-pretrained(187)
  mean                 -0.0581  0.0229  -0.027 -0.0572 -0.0261  -0.021
  std. dev.             0.2562  0.3178  0.2814  0.2496  0.3347  0.2818
  weight sum                20     886     410     304     342      38
  precision             0.0018  0.0018  0.0018  0.0018  0.0018  0.0018

w2v-pretrained(188)
  mean                  0.1231  0.1232  0.0619  0.1215  0.2187  0.2696
  std. dev.             0.2302  0.2969  0.2702  0.3051  0.3669  0.2934
  weight sum                20     886     410     304     342      38
  precision             0.0023  0.0023  0.0023  0.0023  0.0023  0.0023

w2v-pretrained(189)
  mean                  0.3481  0.3203  0.3131  0.2813  0.2337   0.293
  std. dev.             0.2362  0.2768  0.2827  0.2342  0.3133   0.263
  weight sum                20     886     410     304     342      38
  precision             0.0017  0.0017  0.0017  0.0017  0.0017  0.0017

w2v-pretrained(190)
  mean                  0.2031   0.247  0.2086  0.2585  0.3376  0.2997
  std. dev.             0.2046  0.2966  0.2986  0.2558   0.304   0.293
  weight sum                20     886     410     304     342      38
  precision             0.0016  0.0016  0.0016  0.0016  0.0016  0.0016

w2v-pretrained(191)
  mean                   0.062  0.0586  0.0075  0.0593  0.0654    0.08
  std. dev.             0.3667  0.3186  0.2883  0.2485  0.3148  0.2767
  weight sum                20     886     410     304     342      38
  precision             0.0015  0.0015  0.0015  0.0015  0.0015  0.0015

w2v-pretrained(192)
  mean                 -0.0548 -0.0422 -0.0214  -0.042 -0.0437 -0.1129
  std. dev.             0.1581  0.2788  0.2721  0.2755  0.2966  0.3372
  weight sum                20     886     410     304     342      38
  precision             0.0014  0.0014  0.0014  0.0014  0.0014  0.0014

w2v-pretrained(193)
  mean                  0.0725   0.074  0.1307  0.1086  0.1302  0.1893
  std. dev.             0.2905  0.3143  0.3053  0.2568  0.3103   0.329
  weight sum                20     886     410     304     342      38
  precision             0.0015  0.0015  0.0015  0.0015  0.0015  0.0015

w2v-pretrained(194)
  mean                  0.0253  0.0351 -0.0503  0.0429  0.1776  0.1673
  std. dev.             0.3423  0.3142  0.2909  0.2644  0.3139  0.3534
  weight sum                20     886     410     304     342      38
  precision             0.0019  0.0019  0.0019  0.0019  0.0019  0.0019

w2v-pretrained(195)
  mean                 -0.0576 -0.1559 -0.1728 -0.2143 -0.2488 -0.3696
  std. dev.             0.3091  0.3055  0.2836  0.3079  0.3263  0.3772
  weight sum                20     886     410     304     342      38
  precision             0.0015  0.0015  0.0015  0.0015  0.0015  0.0015

w2v-pretrained(196)
  mean                  0.0646  0.0211  0.0084  0.0048  0.0144  0.0756
  std. dev.             0.1694  0.2655  0.2977  0.2279  0.2555  0.2284
  weight sum                20     886     410     304     342      38
  precision             0.0017  0.0017  0.0017  0.0017  0.0017  0.0017

w2v-pretrained(197)
  mean                 -0.0354  -0.051 -0.0611 -0.0551 -0.0196   0.022
  std. dev.             0.2721  0.2773  0.2745  0.2538  0.2876  0.3149
  weight sum                20     886     410     304     342      38
  precision             0.0018  0.0018  0.0018  0.0018  0.0018  0.0018

w2v-pretrained(198)
  mean                 -0.0027 -0.0398 -0.0141 -0.0291 -0.0728  -0.019
  std. dev.              0.227  0.2824  0.2782  0.2488  0.3029  0.2441
  weight sum                20     886     410     304     342      38
  precision             0.0019  0.0019  0.0019  0.0019  0.0019  0.0019

w2v-pretrained(199)
  mean                 -0.1914 -0.2102 -0.2161 -0.1607 -0.2351 -0.3466
  std. dev.             0.1811  0.3072    0.28  0.2949  0.3027  0.3746
  weight sum                20     886     410     304     342      38
  precision             0.0018  0.0018  0.0018  0.0018  0.0018  0.0018

w2v-pretrained(200)
  mean                  -0.453 -0.4593 -0.5078 -0.4674  -0.419  -0.426
  std. dev.             0.2669   0.298  0.2915  0.2986   0.305  0.3604
  weight sum                20     886     410     304     342      38
  precision             0.0019  0.0019  0.0019  0.0019  0.0019  0.0019

w2v-pretrained(201)
  mean                  0.0775  0.0484  0.0902  0.1029  0.0756  0.0755
  std. dev.             0.2556  0.3317  0.3037  0.2926  0.3426  0.2929
  weight sum                20     886     410     304     342      38
  precision             0.0018  0.0018  0.0018  0.0018  0.0018  0.0018

w2v-pretrained(202)
  mean                  0.2113  0.2279  0.2624  0.2592  0.2231  0.2748
  std. dev.              0.211  0.2637  0.2968  0.2563  0.2663  0.2937
  weight sum                20     886     410     304     342      38
  precision             0.0015  0.0015  0.0015  0.0015  0.0015  0.0015

w2v-pretrained(203)
  mean                 -0.1455 -0.1322  -0.165 -0.1111 -0.0784 -0.0576
  std. dev.             0.2473  0.3037  0.2821  0.2752  0.3059  0.3306
  weight sum                20     886     410     304     342      38
  precision             0.0017  0.0017  0.0017  0.0017  0.0017  0.0017

w2v-pretrained(204)
  mean                 -0.0905 -0.1245 -0.1256 -0.0761 -0.0906 -0.0465
  std. dev.             0.2502  0.3402  0.2857  0.3178   0.317  0.4024
  weight sum                20     886     410     304     342      38
  precision             0.0018  0.0018  0.0018  0.0018  0.0018  0.0018

w2v-pretrained(205)
  mean                  0.1525  0.1214  0.1082  0.1334  0.2067  0.1747
  std. dev.             0.2739  0.2915  0.2983  0.2645  0.3282  0.4768
  weight sum                20     886     410     304     342      38
  precision             0.0017  0.0017  0.0017  0.0017  0.0017  0.0017

w2v-pretrained(206)
  mean                 -0.1887 -0.1777  -0.158 -0.1334 -0.1475 -0.1017
  std. dev.             0.1894  0.2823  0.2509  0.2254  0.3061   0.286
  weight sum                20     886     410     304     342      38
  precision             0.0021  0.0021  0.0021  0.0021  0.0021  0.0021

w2v-pretrained(207)
  mean                 -0.1303 -0.0463 -0.1058 -0.0459 -0.0623 -0.1026
  std. dev.             0.2297  0.3067  0.3135  0.2643  0.3138  0.3091
  weight sum                20     886     410     304     342      38
  precision             0.0015  0.0015  0.0015  0.0015  0.0015  0.0015

w2v-pretrained(208)
  mean                 -0.0708 -0.0999 -0.0757 -0.0835  -0.068 -0.0773
  std. dev.              0.169  0.2756  0.2642  0.2474    0.28  0.3091
  weight sum                20     886     410     304     342      38
  precision             0.0017  0.0017  0.0017  0.0017  0.0017  0.0017

w2v-pretrained(209)
  mean                  0.0895  0.0493  0.0588  0.0216  0.0359  0.0559
  std. dev.             0.1759  0.3145  0.2778  0.3206  0.2968  0.3263
  weight sum                20     886     410     304     342      38
  precision             0.0019  0.0019  0.0019  0.0019  0.0019  0.0019

w2v-pretrained(210)
  mean                 -0.0657 -0.1023 -0.0536 -0.1404  -0.162 -0.1935
  std. dev.             0.2569  0.3139  0.3041  0.3517  0.3117  0.3455
  weight sum                20     886     410     304     342      38
  precision             0.0019  0.0019  0.0019  0.0019  0.0019  0.0019

w2v-pretrained(211)
  mean                 -0.1245 -0.0893 -0.0579 -0.0861 -0.0932 -0.1614
  std. dev.             0.2392   0.279  0.2744  0.2805  0.2879  0.3389
  weight sum                20     886     410     304     342      38
  precision             0.0017  0.0017  0.0017  0.0017  0.0017  0.0017

w2v-pretrained(212)
  mean                   0.435  0.3832  0.3804  0.3498  0.3918  0.4679
  std. dev.             0.2337  0.3118  0.2932  0.3128   0.354  0.3901
  weight sum                20     886     410     304     342      38
  precision             0.0015  0.0015  0.0015  0.0015  0.0015  0.0015

w2v-pretrained(213)
  mean                 -0.1894 -0.1614 -0.1395 -0.0722  0.0573  0.1221
  std. dev.             0.1685   0.327  0.3087   0.287  0.3697  0.4317
  weight sum                20     886     410     304     342      38
  precision             0.0027  0.0027  0.0027  0.0027  0.0027  0.0027

w2v-pretrained(214)
  mean                  0.2111  0.2404  0.2715  0.3008  0.3308  0.3629
  std. dev.             0.2199  0.2865    0.24  0.2769   0.292  0.3268
  weight sum                20     886     410     304     342      38
  precision             0.0016  0.0016  0.0016  0.0016  0.0016  0.0016

w2v-pretrained(215)
  mean                   -0.57  -0.477  -0.497 -0.5169 -0.5466 -0.4898
  std. dev.             0.2338  0.2759  0.2796   0.271  0.3386  0.4246
  weight sum                20     886     410     304     342      38
  precision             0.0017  0.0017  0.0017  0.0017  0.0017  0.0017

w2v-pretrained(216)
  mean                 -0.1111 -0.1382 -0.1376 -0.1086 -0.1668 -0.1065
  std. dev.             0.2633  0.3102  0.3022  0.2815  0.3263  0.3158
  weight sum                20     886     410     304     342      38
  precision             0.0016  0.0016  0.0016  0.0016  0.0016  0.0016

w2v-pretrained(217)
  mean                  0.4201  0.3356  0.3803  0.4153  0.3727   0.361
  std. dev.             0.3005  0.2689    0.28  0.2391  0.2778  0.2654
  weight sum                20     886     410     304     342      38
  precision             0.0013  0.0013  0.0013  0.0013  0.0013  0.0013

w2v-pretrained(218)
  mean                 -0.1843 -0.1298 -0.0957 -0.1138 -0.1807  -0.152
  std. dev.             0.2131  0.2993   0.259  0.2789  0.3069  0.2969
  weight sum                20     886     410     304     342      38
  precision             0.0018  0.0018  0.0018  0.0018  0.0018  0.0018

w2v-pretrained(219)
  mean                 -0.3769 -0.3995 -0.4007 -0.3976 -0.5135  -0.543
  std. dev.             0.2201  0.2927  0.2777    0.29  0.3319  0.4261
  weight sum                20     886     410     304     342      38
  precision             0.0016  0.0016  0.0016  0.0016  0.0016  0.0016

w2v-pretrained(220)
  mean                  0.0883  0.1089     0.1  0.0428  0.1159  0.0647
  std. dev.             0.3223   0.266  0.2523    0.28   0.364  0.3485
  weight sum                20     886     410     304     342      38
  precision             0.0015  0.0015  0.0015  0.0015  0.0015  0.0015

w2v-pretrained(221)
  mean                 -0.1218 -0.1683 -0.1237 -0.1461 -0.1547 -0.0368
  std. dev.             0.2503  0.2846  0.2538  0.2527  0.2896   0.241
  weight sum                20     886     410     304     342      38
  precision             0.0015  0.0015  0.0015  0.0015  0.0015  0.0015

w2v-pretrained(222)
  mean                   0.207  0.1485  0.0766  0.0807  0.1091  0.1628
  std. dev.             0.2835  0.2966  0.2864  0.2472  0.2877  0.2377
  weight sum                20     886     410     304     342      38
  precision             0.0014  0.0014  0.0014  0.0014  0.0014  0.0014

w2v-pretrained(223)
  mean                 -0.0815  -0.068  -0.171 -0.1662 -0.2039 -0.1499
  std. dev.             0.2231  0.3134  0.3396  0.2905  0.3343  0.3528
  weight sum                20     886     410     304     342      38
  precision              0.002   0.002   0.002   0.002   0.002   0.002

w2v-pretrained(224)
  mean                 -0.0123 -0.0829 -0.0792 -0.1001 -0.0815 -0.0284
  std. dev.             0.2274  0.2873  0.2602  0.2798    0.27   0.285
  weight sum                20     886     410     304     342      38
  precision             0.0016  0.0016  0.0016  0.0016  0.0016  0.0016

w2v-pretrained(225)
  mean                  0.2922  0.2424   0.247  0.2693  0.2721  0.2161
  std. dev.             0.2276   0.279  0.3165  0.3227  0.3204  0.3865
  weight sum                20     886     410     304     342      38
  precision             0.0016  0.0016  0.0016  0.0016  0.0016  0.0016

w2v-pretrained(226)
  mean                 -0.1035 -0.1065 -0.0987 -0.1621 -0.1911 -0.1857
  std. dev.             0.1861   0.291  0.2762  0.2606  0.3047  0.3434
  weight sum                20     886     410     304     342      38
  precision             0.0016  0.0016  0.0016  0.0016  0.0016  0.0016

w2v-pretrained(227)
  mean                  0.2729  0.2919  0.2568   0.387  0.4618   0.414
  std. dev.             0.2093  0.2813   0.264  0.3363  0.3789  0.3689
  weight sum                20     886     410     304     342      38
  precision             0.0019  0.0019  0.0019  0.0019  0.0019  0.0019

w2v-pretrained(228)
  mean                  0.0597  0.0558  0.0958   0.037 -0.0074 -0.0769
  std. dev.             0.1803  0.2964  0.3058  0.2995  0.2917  0.3877
  weight sum                20     886     410     304     342      38
  precision             0.0018  0.0018  0.0018  0.0018  0.0018  0.0018

w2v-pretrained(229)
  mean                  0.3006  0.2798  0.2397  0.2772   0.299  0.3196
  std. dev.             0.2052  0.2833   0.251  0.2664  0.2777  0.3141
  weight sum                20     886     410     304     342      38
  precision             0.0016  0.0016  0.0016  0.0016  0.0016  0.0016

w2v-pretrained(230)
  mean                  0.0272  0.1096  0.1488  0.2031  0.1539  0.2147
  std. dev.             0.2474  0.3167  0.2866  0.2811  0.3052  0.2786
  weight sum                20     886     410     304     342      38
  precision             0.0021  0.0021  0.0021  0.0021  0.0021  0.0021

w2v-pretrained(231)
  mean                  0.1593  0.1638  0.1522  0.1852  0.2151  0.2247
  std. dev.             0.2127  0.2708   0.248  0.2639  0.2841   0.363
  weight sum                20     886     410     304     342      38
  precision             0.0014  0.0014  0.0014  0.0014  0.0014  0.0014

w2v-pretrained(232)
  mean                 -0.1826 -0.1691 -0.1526 -0.1511 -0.1236 -0.0763
  std. dev.             0.1961   0.275  0.2732  0.2548  0.2729   0.409
  weight sum                20     886     410     304     342      38
  precision             0.0012  0.0012  0.0012  0.0012  0.0012  0.0012

w2v-pretrained(233)
  mean                  0.1125   0.106   0.117  0.1263  0.1018  0.1599
  std. dev.             0.1874  0.2833  0.2731  0.2574  0.2423  0.2824
  weight sum                20     886     410     304     342      38
  precision             0.0016  0.0016  0.0016  0.0016  0.0016  0.0016

w2v-pretrained(234)
  mean                  0.0309  0.0566  0.0801  0.0784  0.0401  0.0474
  std. dev.             0.1585  0.2513  0.2551  0.2338  0.2385   0.294
  weight sum                20     886     410     304     342      38
  precision             0.0013  0.0013  0.0013  0.0013  0.0013  0.0013

w2v-pretrained(235)
  mean                   0.264  0.3315  0.3457  0.3607  0.3178   0.389
  std. dev.             0.2386  0.3115  0.2873  0.2603  0.2893  0.3202
  weight sum                20     886     410     304     342      38
  precision             0.0017  0.0017  0.0017  0.0017  0.0017  0.0017

w2v-pretrained(236)
  mean                 -0.1427 -0.0404 -0.0626 -0.0438 -0.0201 -0.0381
  std. dev.             0.2497  0.2733  0.2489  0.2329  0.2632  0.1889
  weight sum                20     886     410     304     342      38
  precision             0.0019  0.0019  0.0019  0.0019  0.0019  0.0019

w2v-pretrained(237)
  mean                 -0.1829 -0.1962 -0.1807 -0.1686 -0.2051 -0.1657
  std. dev.             0.2465  0.3086  0.2737  0.2637   0.332  0.3164
  weight sum                20     886     410     304     342      38
  precision             0.0014  0.0014  0.0014  0.0014  0.0014  0.0014

w2v-pretrained(238)
  mean                 -0.2038 -0.2353 -0.2593 -0.2684 -0.2478 -0.2813
  std. dev.             0.1834  0.3075  0.2884   0.335  0.3246   0.367
  weight sum                20     886     410     304     342      38
  precision             0.0018  0.0018  0.0018  0.0018  0.0018  0.0018

w2v-pretrained(239)
  mean                  0.3439  0.3096  0.3492  0.3047   0.266  0.2948
  std. dev.              0.175  0.2791  0.2999  0.2485  0.2959  0.2992
  weight sum                20     886     410     304     342      38
  precision             0.0018  0.0018  0.0018  0.0018  0.0018  0.0018

w2v-pretrained(240)
  mean                  0.0826  0.0732  0.0262  0.0477   0.014  0.0407
  std. dev.             0.1645  0.2596  0.2435  0.2686  0.2943  0.4202
  weight sum                20     886     410     304     342      38
  precision             0.0015  0.0015  0.0015  0.0015  0.0015  0.0015

w2v-pretrained(241)
  mean                  0.0585  0.0824  0.0754  0.0505  0.0916  0.1121
  std. dev.             0.3149  0.2964  0.2576  0.3066  0.3275  0.3988
  weight sum                20     886     410     304     342      38
  precision             0.0018  0.0018  0.0018  0.0018  0.0018  0.0018

w2v-pretrained(242)
  mean                  0.1059  0.0515  0.0445  0.0553  0.0546  0.0019
  std. dev.             0.2337  0.2974  0.2541  0.2694  0.2592  0.3301
  weight sum                20     886     410     304     342      38
  precision             0.0013  0.0013  0.0013  0.0013  0.0013  0.0013

w2v-pretrained(243)
  mean                  0.2073  0.1976  0.1902  0.1591  0.1584  0.0624
  std. dev.             0.1648  0.3298  0.2462   0.252  0.2791  0.2462
  weight sum                20     886     410     304     342      38
  precision             0.0019  0.0019  0.0019  0.0019  0.0019  0.0019

w2v-pretrained(244)
  mean                 -0.5147 -0.4648 -0.4097 -0.4689 -0.5495 -0.5753
  std. dev.             0.1644  0.2815   0.265  0.2528  0.3052   0.316
  weight sum                20     886     410     304     342      38
  precision             0.0017  0.0017  0.0017  0.0017  0.0017  0.0017

w2v-pretrained(245)
  mean                 -0.0779 -0.0151 -0.0061 -0.0427 -0.0647 -0.0822
  std. dev.             0.1817  0.2755  0.2519  0.2692  0.2507  0.2542
  weight sum                20     886     410     304     342      38
  precision             0.0013  0.0013  0.0013  0.0013  0.0013  0.0013

w2v-pretrained(246)
  mean                  0.0627  0.1105  0.1495  0.0901  0.1381    0.14
  std. dev.             0.2014  0.2583  0.2719  0.2312  0.2643  0.2625
  weight sum                20     886     410     304     342      38
  precision             0.0019  0.0019  0.0019  0.0019  0.0019  0.0019

w2v-pretrained(247)
  mean                  0.0303 -0.0052  0.0114  0.0297   0.077  0.0688
  std. dev.              0.257  0.3001  0.2751  0.2547  0.2978  0.2696
  weight sum                20     886     410     304     342      38
  precision             0.0017  0.0017  0.0017  0.0017  0.0017  0.0017

w2v-pretrained(248)
  mean                  0.1062   0.229  0.2852   0.238  0.2219  0.1705
  std. dev.             0.2739  0.3269  0.3164  0.2912  0.2606  0.3453
  weight sum                20     886     410     304     342      38
  precision             0.0021  0.0021  0.0021  0.0021  0.0021  0.0021

w2v-pretrained(249)
  mean                 -0.0137   0.013  0.0527 -0.0263  0.0681  0.0395
  std. dev.             0.2835  0.3159  0.3006  0.2748  0.3277  0.3337
  weight sum                20     886     410     304     342      38
  precision             0.0019  0.0019  0.0019  0.0019  0.0019  0.0019

w2v-pretrained(250)
  mean                 -0.1186 -0.0756 -0.1034 -0.0723 -0.1187 -0.1203
  std. dev.              0.187   0.284  0.2783  0.2711  0.2888  0.2915
  weight sum                20     886     410     304     342      38
  precision             0.0018  0.0018  0.0018  0.0018  0.0018  0.0018

w2v-pretrained(251)
  mean                  0.0705  0.0758  0.0571  0.0677  0.0701   0.083
  std. dev.             0.1739  0.2877  0.2737  0.2439  0.2647  0.2474
  weight sum                20     886     410     304     342      38
  precision             0.0019  0.0019  0.0019  0.0019  0.0019  0.0019

w2v-pretrained(252)
  mean                  0.1571  0.1446  0.1964  0.1145  0.0323 -0.0163
  std. dev.             0.2886  0.2569  0.2723  0.2714  0.3211  0.2452
  weight sum                20     886     410     304     342      38
  precision             0.0018  0.0018  0.0018  0.0018  0.0018  0.0018

w2v-pretrained(253)
  mean                  0.1813  0.1621  0.1941  0.1826  0.1567  0.1004
  std. dev.             0.2323  0.2933  0.2688  0.2728  0.2964  0.3589
  weight sum                20     886     410     304     342      38
  precision             0.0015  0.0015  0.0015  0.0015  0.0015  0.0015

w2v-pretrained(254)
  mean                  0.3637  0.2874  0.2237  0.2355  0.2822  0.2661
  std. dev.             0.2799  0.2964  0.2497  0.2613  0.2954  0.3797
  weight sum                20     886     410     304     342      38
  precision             0.0018  0.0018  0.0018  0.0018  0.0018  0.0018

w2v-pretrained(255)
  mean                  0.2443  0.2519   0.214    0.22  0.2336  0.2317
  std. dev.             0.2376  0.2744  0.2622  0.2548  0.3006  0.3893
  weight sum                20     886     410     304     342      38
  precision             0.0013  0.0013  0.0013  0.0013  0.0013  0.0013

w2v-pretrained(256)
  mean                 -0.2472 -0.2092  -0.164 -0.1828 -0.2228  -0.136
  std. dev.             0.2584  0.2913  0.2598  0.2717  0.3147  0.3149
  weight sum                20     886     410     304     342      38
  precision             0.0016  0.0016  0.0016  0.0016  0.0016  0.0016

w2v-pretrained(257)
  mean                 -0.0055  0.0381  0.0676  0.1097  0.1466  0.0963
  std. dev.             0.2286  0.2796  0.2464    0.29  0.2984  0.2249
  weight sum                20     886     410     304     342      38
  precision             0.0015  0.0015  0.0015  0.0015  0.0015  0.0015

w2v-pretrained(258)
  mean                  0.0631  0.0567  0.1083  0.1335  0.1833  0.1819
  std. dev.             0.1897  0.2732  0.2658  0.2402  0.2778  0.3618
  weight sum                20     886     410     304     342      38
  precision             0.0015  0.0015  0.0015  0.0015  0.0015  0.0015

w2v-pretrained(259)
  mean                 -0.2879 -0.2015 -0.2453  -0.252 -0.2402 -0.2251
  std. dev.             0.2182  0.3074  0.2595   0.288  0.3167  0.3003
  weight sum                20     886     410     304     342      38
  precision             0.0019  0.0019  0.0019  0.0019  0.0019  0.0019

w2v-pretrained(260)
  mean                 -0.2796 -0.1896 -0.1938 -0.1828 -0.1981 -0.2373
  std. dev.             0.1612  0.2816  0.2878  0.2521  0.3127  0.3691
  weight sum                20     886     410     304     342      38
  precision             0.0016  0.0016  0.0016  0.0016  0.0016  0.0016

w2v-pretrained(261)
  mean                  0.1485  0.1129  0.0621  0.0222  0.0291  0.0122
  std. dev.             0.2361  0.2701  0.2642  0.2484  0.2635  0.2201
  weight sum                20     886     410     304     342      38
  precision             0.0012  0.0012  0.0012  0.0012  0.0012  0.0012

w2v-pretrained(262)
  mean                 -0.0498  0.0519  0.0638  0.0768  0.1089  0.1039
  std. dev.              0.141  0.2664  0.2503  0.2725   0.285  0.2254
  weight sum                20     886     410     304     342      38
  precision             0.0013  0.0013  0.0013  0.0013  0.0013  0.0013

w2v-pretrained(263)
  mean                 -0.3244 -0.2355 -0.3002 -0.2715 -0.1737 -0.1442
  std. dev.              0.198  0.3317  0.2745  0.2897  0.3772  0.3525
  weight sum                20     886     410     304     342      38
  precision             0.0019  0.0019  0.0019  0.0019  0.0019  0.0019

w2v-pretrained(264)
  mean                  0.2276  0.2082   0.252  0.2584  0.2819   0.268
  std. dev.              0.189  0.3294  0.3084  0.3026  0.3243  0.3697
  weight sum                20     886     410     304     342      38
  precision              0.002   0.002   0.002   0.002   0.002   0.002

w2v-pretrained(265)
  mean                  0.1892  0.1991  0.2253  0.2129  0.1626  0.1975
  std. dev.             0.1879  0.2793  0.2789  0.2597  0.2639  0.2371
  weight sum                20     886     410     304     342      38
  precision             0.0014  0.0014  0.0014  0.0014  0.0014  0.0014

w2v-pretrained(266)
  mean                  0.5109  0.4333  0.4931  0.4493  0.4819   0.524
  std. dev.             0.2139   0.279   0.258  0.2512  0.2563   0.223
  weight sum                20     886     410     304     342      38
  precision             0.0015  0.0015  0.0015  0.0015  0.0015  0.0015

w2v-pretrained(267)
  mean                 -0.0035  -0.039 -0.0633 -0.0518  -0.019  0.0582
  std. dev.             0.2652  0.2741   0.287  0.2614  0.3021  0.3947
  weight sum                20     886     410     304     342      38
  precision             0.0017  0.0017  0.0017  0.0017  0.0017  0.0017

w2v-pretrained(268)
  mean                  0.0456 -0.0528 -0.0911 -0.1052 -0.0699  0.0316
  std. dev.             0.2541  0.3263  0.3003  0.3156  0.2889  0.3356
  weight sum                20     886     410     304     342      38
  precision             0.0016  0.0016  0.0016  0.0016  0.0016  0.0016

w2v-pretrained(269)
  mean                 -0.3681 -0.4088 -0.4485 -0.4325 -0.4031  -0.298
  std. dev.             0.2775  0.3233  0.2838   0.287  0.2979  0.2855
  weight sum                20     886     410     304     342      38
  precision             0.0015  0.0015  0.0015  0.0015  0.0015  0.0015

w2v-pretrained(270)
  mean                 -0.1615   -0.15 -0.1508 -0.1535 -0.2119 -0.1715
  std. dev.             0.2649  0.2724  0.2466  0.2413  0.2936  0.3013
  weight sum                20     886     410     304     342      38
  precision             0.0012  0.0012  0.0012  0.0012  0.0012  0.0012

w2v-pretrained(271)
  mean                    0.18  0.1521  0.2004  0.2132  0.1856  0.1859
  std. dev.             0.2901  0.3094  0.3208  0.3096  0.3015  0.3442
  weight sum                20     886     410     304     342      38
  precision             0.0019  0.0019  0.0019  0.0019  0.0019  0.0019

w2v-pretrained(272)
  mean                  0.3803  0.3936  0.4129  0.4288  0.4214  0.3784
  std. dev.             0.1856  0.2918  0.2898  0.2905  0.2603  0.2886
  weight sum                20     886     410     304     342      38
  precision             0.0017  0.0017  0.0017  0.0017  0.0017  0.0017

w2v-pretrained(273)
  mean                  0.2893  0.2972   0.384  0.3988  0.2968  0.2938
  std. dev.             0.2303  0.3216  0.3264  0.3317  0.3566  0.3847
  weight sum                20     886     410     304     342      38
  precision             0.0017  0.0017  0.0017  0.0017  0.0017  0.0017

w2v-pretrained(274)
  mean                  0.0957   0.074  0.1286  0.1365  0.0371 -0.0194
  std. dev.             0.2321   0.281  0.2579  0.2431  0.3194  0.4026
  weight sum                20     886     410     304     342      38
  precision             0.0015  0.0015  0.0015  0.0015  0.0015  0.0015

w2v-pretrained(275)
  mean                  0.3077  0.2676  0.2939  0.2454  0.1665  0.1816
  std. dev.             0.1853  0.2632    0.25  0.2551  0.2753  0.3271
  weight sum                20     886     410     304     342      38
  precision             0.0013  0.0013  0.0013  0.0013  0.0013  0.0013

w2v-pretrained(276)
  mean                 -0.1711  -0.174 -0.1864 -0.2699 -0.2239 -0.2317
  std. dev.             0.2064  0.2958  0.2551  0.2523  0.3193   0.333
  weight sum                20     886     410     304     342      38
  precision             0.0017  0.0017  0.0017  0.0017  0.0017  0.0017

w2v-pretrained(277)
  mean                 -0.2791 -0.2977 -0.2718  -0.308 -0.2171 -0.2803
  std. dev.             0.2919  0.2994  0.2432   0.282  0.3926  0.3418
  weight sum                20     886     410     304     342      38
  precision             0.0025  0.0025  0.0025  0.0025  0.0025  0.0025

w2v-pretrained(278)
  mean                 -0.6212  -0.517 -0.5584 -0.4883 -0.4291 -0.3758
  std. dev.             0.2441  0.3067  0.2877  0.2707  0.3647  0.4705
  weight sum                20     886     410     304     342      38
  precision             0.0024  0.0024  0.0024  0.0024  0.0024  0.0024

w2v-pretrained(279)
  mean                 -0.2073 -0.1791 -0.1758   -0.12 -0.1107 -0.0848
  std. dev.             0.1936  0.2658  0.2501  0.2634  0.3027  0.2999
  weight sum                20     886     410     304     342      38
  precision             0.0016  0.0016  0.0016  0.0016  0.0016  0.0016

w2v-pretrained(280)
  mean                   0.213  0.2808  0.2363  0.2307  0.2501  0.1408
  std. dev.              0.348  0.3853  0.3609  0.3763  0.3847  0.3706
  weight sum                20     886     410     304     342      38
  precision             0.0018  0.0018  0.0018  0.0018  0.0018  0.0018

w2v-pretrained(281)
  mean                  0.0451  0.1014  0.1193  0.1533  0.1115  0.1908
  std. dev.              0.197   0.289  0.2441  0.2575  0.3031  0.3067
  weight sum                20     886     410     304     342      38
  precision             0.0018  0.0018  0.0018  0.0018  0.0018  0.0018

w2v-pretrained(282)
  mean                  0.1234  0.1054  0.0887  0.0543    0.03 -0.0685
  std. dev.             0.1523  0.2993  0.2766  0.2586  0.2701  0.3299
  weight sum                20     886     410     304     342      38
  precision             0.0016  0.0016  0.0016  0.0016  0.0016  0.0016

w2v-pretrained(283)
  mean                  0.2341  0.1444  0.1539  0.1748  0.1137 -0.0378
  std. dev.             0.2005   0.276  0.2661  0.2361  0.3151   0.295
  weight sum                20     886     410     304     342      38
  precision             0.0013  0.0013  0.0013  0.0013  0.0013  0.0013

w2v-pretrained(284)
  mean                  0.1898  0.1879  0.2037  0.1668   0.188  0.1785
  std. dev.             0.2479  0.2629  0.2864  0.2711  0.2704  0.2821
  weight sum                20     886     410     304     342      38
  precision             0.0013  0.0013  0.0013  0.0013  0.0013  0.0013

w2v-pretrained(285)
  mean                 -0.0165 -0.0678 -0.0553 -0.0491 -0.0546 -0.0652
  std. dev.             0.2196  0.2904  0.3126  0.2695  0.2985  0.3069
  weight sum                20     886     410     304     342      38
  precision             0.0015  0.0015  0.0015  0.0015  0.0015  0.0015

w2v-pretrained(286)
  mean                 -0.0014  0.0306  0.0326  0.0522 -0.0262  0.0168
  std. dev.             0.2875  0.2596  0.2628  0.2699  0.2767  0.2794
  weight sum                20     886     410     304     342      38
  precision             0.0014  0.0014  0.0014  0.0014  0.0014  0.0014

w2v-pretrained(287)
  mean                 -0.2584 -0.3311  -0.338 -0.3369  -0.354 -0.3986
  std. dev.             0.3227  0.2946  0.2558  0.2587  0.2873  0.3055
  weight sum                20     886     410     304     342      38
  precision             0.0015  0.0015  0.0015  0.0015  0.0015  0.0015

w2v-pretrained(288)
  mean                 -0.0783 -0.0324 -0.0239 -0.0778 -0.0412  0.0069
  std. dev.             0.2492   0.288  0.2988  0.2667  0.2899  0.3002
  weight sum                20     886     410     304     342      38
  precision             0.0016  0.0016  0.0016  0.0016  0.0016  0.0016

w2v-pretrained(289)
  mean                   0.028  0.0221  0.0381  0.0087 -0.0552 -0.0444
  std. dev.             0.2457  0.2705  0.2692   0.257  0.3082  0.2859
  weight sum                20     886     410     304     342      38
  precision             0.0013  0.0013  0.0013  0.0013  0.0013  0.0013

w2v-pretrained(290)
  mean                  0.0063 -0.0614 -0.0109  -0.016 -0.0458 -0.0922
  std. dev.             0.3077  0.3138  0.3046  0.2842  0.3579  0.3269
  weight sum                20     886     410     304     342      38
  precision             0.0016  0.0016  0.0016  0.0016  0.0016  0.0016

w2v-pretrained(291)
  mean                 -0.1877 -0.2536 -0.2867   -0.27 -0.1465 -0.1013
  std. dev.             0.2408   0.311  0.2943  0.2792  0.3671   0.386
  weight sum                20     886     410     304     342      38
  precision              0.002   0.002   0.002   0.002   0.002   0.002

w2v-pretrained(292)
  mean                  0.2222  0.2009  0.1839   0.264  0.2447  0.1854
  std. dev.             0.2587  0.2999  0.2984  0.2998  0.3296  0.3179
  weight sum                20     886     410     304     342      38
  precision             0.0018  0.0018  0.0018  0.0018  0.0018  0.0018

w2v-pretrained(293)
  mean                 -0.4382 -0.3781 -0.3433  -0.331 -0.3924 -0.4008
  std. dev.             0.1614  0.3087  0.2534  0.2781   0.286  0.3348
  weight sum                20     886     410     304     342      38
  precision             0.0017  0.0017  0.0017  0.0017  0.0017  0.0017

w2v-pretrained(294)
  mean                  0.0229  0.0358  0.0446  0.0538  0.0221 -0.0037
  std. dev.             0.2163  0.2974  0.2845   0.261  0.2672  0.3606
  weight sum                20     886     410     304     342      38
  precision             0.0015  0.0015  0.0015  0.0015  0.0015  0.0015

w2v-pretrained(295)
  mean                 -0.2006 -0.2072 -0.1445 -0.2498 -0.3029 -0.3157
  std. dev.             0.2329  0.2799  0.2811  0.3043  0.3422  0.4154
  weight sum                20     886     410     304     342      38
  precision             0.0015  0.0015  0.0015  0.0015  0.0015  0.0015

w2v-pretrained(296)
  mean                  0.0438  0.0396  0.0638  0.0217 -0.0276 -0.1132
  std. dev.              0.303   0.326   0.305  0.2835   0.319  0.4031
  weight sum                20     886     410     304     342      38
  precision             0.0017  0.0017  0.0017  0.0017  0.0017  0.0017

w2v-pretrained(297)
  mean                 -0.0706 -0.0827 -0.0164 -0.0394 -0.0694 -0.1915
  std. dev.             0.1699  0.2975  0.2723  0.2801  0.2841  0.2882
  weight sum                20     886     410     304     342      38
  precision             0.0014  0.0014  0.0014  0.0014  0.0014  0.0014

w2v-pretrained(298)
  mean                  -0.235 -0.1882 -0.1819 -0.1736 -0.2427 -0.2872
  std. dev.             0.1816  0.2774  0.2793  0.2339  0.3002  0.2925
  weight sum                20     886     410     304     342      38
  precision             0.0017  0.0017  0.0017  0.0017  0.0017  0.0017

w2v-pretrained(299)
  mean                  0.0605  0.0516  0.0723  0.0714  0.0581  0.0415
  std. dev.             0.1556  0.2675  0.2754  0.2579  0.2876  0.2353
  weight sum                20     886     410     304     342      38
  precision             0.0014  0.0014  0.0014  0.0014  0.0014  0.0014

w2v-pretrained(300)
  mean                 -0.0193  0.0268  0.0045 -0.0339  0.0234 -0.0884
  std. dev.             0.3304  0.3595  0.3137  0.3383  0.3767  0.4023
  weight sum                20     886     410     304     342      38
  precision             0.0017  0.0017  0.0017  0.0017  0.0017  0.0017



Time taken to build model: 1.22 seconds

=== Stratified cross-validation ===
=== Summary ===

Correctly Classified Instances         487               24.35   %
Incorrectly Classified Instances      1513               75.65   %
Kappa statistic                          0.1   
Mean absolute error                      0.2519
Root mean squared error                  0.4852
Relative absolute error                106.549  %
Root relative squared error            141.1593 %
Total Number of Instances             2000     

=== Detailed Accuracy By Class ===

                 TP Rate  FP Rate  Precision  Recall   F-Measure  MCC      ROC Area  PRC Area  Class
                 0,400    0,323    0,012      0,400    0,024      0,016    0,536     0,011     1
                 0,254    0,123    0,622      0,254    0,361      0,169    0,597     0,542     2
                 0,171    0,079    0,357      0,171    0,231      0,124    0,588     0,315     3
                 0,299    0,186    0,224      0,299    0,256      0,101    0,567     0,214     4
                 0,263    0,115    0,320      0,263    0,289      0,160    0,599     0,247     5
                 0,079    0,053    0,028      0,079    0,041      0,016    0,584     0,027     6
Weighted Avg.    0,244    0,123    0,438      0,244    0,296      0,144    0,590     0,380     

=== Confusion Matrix ===

   a   b   c   d   e   f   <-- classified as
   8   6   2   2   2   0 |   a = 1
 291 225  89 143  96  42 |   b = 2
 145  65  70  78  38  14 |   c = 3
 103  26  28  91  41  15 |   d = 4
  89  37   7  86  90  33 |   e = 5
  11   3   0   7  14   3 |   f = 6

